1.253987551377533068e-04 -9.676453675348298776e-04 -2.053411841412876651e-03 5.149552806935751457e-04 5.243415504805840760e-03 1.188326347328106047e+00
-9.676453675348298776e-04 4.564024411507895174e+00 -5.339542093931896882e-02 2.545953319785332434e-03 3.800523586635850409e-02 4.590152740360912276e+01
-2.053411841412876651e-03 -5.339542093931896882e-02 3.480013024725246013e-02 -8.520386224550025728e-03 -8.409761246936700574e-02 -2.037390493587366436e+01
5.149552806935751457e-04 2.545953319785332434e-03 -8.520386224550025728e-03 2.167497001168530116e-03 2.083981473135394086e-02 4.958363586478296448e+00
5.243415504805840760e-03 3.800523586635850409e-02 -8.409761246936700574e-02 2.083981473135394086e-02 5.903037333490177563e-01 4.886638543151590852e+01
1.188326347328106047e+00 4.590152740360912276e+01 -2.037390493587366436e+01 4.958363586478296448e+00 4.886638543151590852e+01 1.260979330844820834e+04
