3.560855523998159242e+02 2.685021869617204970e+02 2.557638796809859514e+02 2.562449620958706760e+02 2.345562171447036519e+02 2.411496612636661041e+02 2.562115513826065012e+02 2.562478948647248558e+02 2.334241753374745656e+02 2.358856591613005946e+02 2.490828296520653566e+02 2.371669076868111574e+02 2.303648799508612797e+02 2.436383757716330081e+02 2.422528727930048262e+02 2.717249215067259911e+02 2.584070928886809497e+02 2.508459845471437291e+02 2.902708581605355107e+02 2.503472803064244658e+02 2.545128024496022476e+02 2.762623891455668854e+02 2.448786684919972174e+02 2.506983905062125473e+02 2.817211027410788802e+02 2.516932003159291753e+02 2.390318547000723015e+02 2.447322968026650756e+02 2.391968030367196150e+02 2.359429289730745722e+02 2.457368337949417310e+02 2.514942289642712865e+02 2.617106444433154024e+02 2.580666429316292465e+02 2.579388091587556460e+02 2.704474456832797955e+02 2.825575629882000612e+02 2.494046201943333472e+02 2.471192993552634505e+02 2.642512278838227644e+02 2.450943291442040959e+02 2.531452968620623949e+02 2.535881481355383471e+02 2.844483489700385235e+02 2.767699875224058133e+02 2.619537475700467439e+02 3.273341565115179037e+02 2.738847796624409057e+02 2.237584430410588539e+02 2.731725344641425295e+02 2.198824248358127704e+02 2.396154407898058309e+02 2.383568235322549071e+02 1.050192974459621809e+02 2.281014866702321910e+02 3.058494769453402000e+02 7.768299695042459518e+01 1.494721755634299996e+02 2.845001505179709511e+02 2.356360719266288584e+02 2.515281793984915168e+02 2.363016769667017627e+02 2.227459048559878170e+02 2.594168395782204470e+02 2.302932879729378897e+02 2.355471860931390324e+02 2.601970657452740738e+02 2.426075182589449355e+02 2.376536608946683771e+02 2.364596740001751698e+02 2.273493288021354886e+02 2.644107316945562616e+02 2.259446813451612286e+02 2.228955073198770265e+02 2.654151389498787239e+02 2.306581084968961761e+02 2.455120524496035443e+02 2.472248055685024610e+02 2.475768904328155600e+02 2.505422735208147174e+02 2.590995605681048914e+02 2.528283600324068061e+02 2.463771522886133880e+02 2.514846440830580434e+02 2.266983339655823784e+02 2.421138957514334606e+02 2.662815127030647773e+02 2.756713299861422684e+02 2.571756208265960595e+02 2.537507953185522638e+02 2.810374821994175818e+02 2.657689915109831986e+02 2.883687757925474671e+02 3.009542084794841799e+02 2.361710960356952853e+02 2.566302180157331350e+02 2.315397238343254003e+02 2.280379950893996863e+02 2.673484822814867243e+02 2.993880239830667733e+02 2.235872536405780693e+02 3.118572695814825693e+02 2.828302618642720745e+02 2.817393678275177535e+02 2.546941531828708776e+02 2.288605998640873622e+02 2.674786919447491300e+02 2.403336745291036038e+02 1.927878794083532341e+02 2.961960190539676319e+02 3.012931846626154879e+02 1.980161662867909627e+02 3.000340325522057583e+02 2.742489967046326456e+02 2.493407118915588114e+02 1.838158671683293335e+02 2.634932524016658135e+02 2.879694495578133910e+02 9.383558139979982116e+01 2.877273456822159119e+02 2.587653104041010579e+02
2.685021869617204970e+02 3.608259202998877413e+02 2.558466258090966221e+02 2.489856366321634766e+02 2.333297618777173739e+02 2.337443489598271356e+02 2.563354758703074481e+02 2.500342571867850836e+02 2.310175078148864145e+02 2.272976291737121812e+02 2.476547358286278211e+02 2.282548275333208494e+02 2.316927035367057215e+02 2.508505389677812047e+02 2.324161362223841536e+02 2.850768097476093885e+02 2.635857683354020082e+02 2.493114736704393977e+02 2.756678526394848632e+02 2.441949232764320357e+02 2.488027586003359204e+02 2.852315900761715284e+02 2.336419938285556839e+02 2.465591368786907935e+02 2.765967419103824341e+02 2.507358429175379797e+02 2.528054356947210692e+02 2.333089256285358033e+02 2.392504941372054930e+02 2.443397435420984607e+02 2.513044432303661324e+02 2.671624992792007447e+02 2.576748473927270311e+02 2.578116758893867768e+02 2.523013536202772116e+02 2.733306707858217806e+02 2.828916408010471741e+02 2.343373971113817618e+02 2.479515489801103172e+02 2.780013403205196028e+02 2.543371301184454296e+02 2.227957455508754379e+02 2.182015350259611353e+02 2.401796716900184663e+02 2.022938545102943237e+02 2.775415720957196299e+02 2.203210805580366127e+02 1.797027329431011538e+02 1.749631234680603029e+02 3.029040392451456682e+02 2.391383382866026750e+02 2.269175482636343588e+02 1.364926726638863670e+02 2.786015244725209428e+01 2.262005263918420326e+02 4.131798771468564269e+02 -6.003882326645514667e+01 1.955621898761426110e+02 2.645226425064921614e+02 2.474901762586254961e+02 2.571106148941167930e+02 2.524149082742443113e+02 2.193773089448233407e+02 2.591123917014077165e+02 2.526607123987957095e+02 2.404820622127519130e+02 2.618302372029949652e+02 2.456212411778521698e+02 2.247479787433422871e+02 2.241920067702381800e+02 2.292045807589329911e+02 2.615209147879061220e+02 2.538394308466921814e+02 2.303971534374653345e+02 2.680924655702798987e+02 2.436576990048620530e+02 2.836600849541958382e+02 2.445435242027010361e+02 2.444929332850645096e+02 2.560234977504413791e+02 2.693686982746764897e+02 2.692955019712613307e+02 2.683947542884990867e+02 2.616675527335365814e+02 2.336689618159086592e+02 2.837236765160435539e+02 2.670148424366151403e+02 2.676764353297339767e+02 2.702918503123662504e+02 2.427965253044428096e+02 2.849778936897950530e+02 2.840146882005295765e+02 2.875371238667098055e+02 2.980715984080174508e+02 2.694036556289012765e+02 1.889225368505459528e+02 3.414868579956447547e+02 2.048206136050057182e+02 2.691836434991351439e+02 2.962130497565856899e+02 1.862087453897683531e+02 3.242486639983681016e+02 2.482523636919933665e+02 2.981230343904094298e+02 2.345918914058660221e+02 2.074604551783936586e+02 2.771346766952339067e+02 2.462738701102315417e+02 2.059547657976039261e+02 3.288365288506167303e+02 2.356715345408283042e+02 1.315842932223148409e+02 2.799709060121481343e+02 2.785873889787658300e+02 2.610821532649050596e+02 2.393741894208783094e+02 1.845492833065293325e+02 1.829117270277546652e+02 1.802981730871486121e+01 2.771920798886768580e+02 2.636769570093521793e+02
2.557638796809859514e+02 2.558466258090966221e+02 3.382641375719023245e+02 2.369645774849277871e+02 2.210225642746101755e+02 2.233393004360846135e+02 2.408437664784269998e+02 2.370780471310293365e+02 2.199470853797616599e+02 2.193682133605805404e+02 2.359113510659968824e+02 2.206280303719033213e+02 2.192578164809868895e+02 2.322670172710095926e+02 2.234458491972533238e+02 2.597332322021409254e+02 2.457101977795239520e+02 2.366520711307047975e+02 2.625841247553997846e+02 2.327367121810122512e+02 2.394116656346440948e+02 2.620833094430366828e+02 2.239044833391089639e+02 2.332258825459954608e+02 2.599602160921050427e+02 2.360491462570260808e+02 2.306067595102372536e+02 2.227255382913025414e+02 2.238315050550344836e+02 2.275408048743394147e+02 2.329979846911286359e+02 2.417478132226179071e+02 2.417675935236937050e+02 2.429533765261317910e+02 2.396480906599167611e+02 2.551470058737165800e+02 2.637477408717343224e+02 2.289450007930098536e+02 2.345979951679516944e+02 2.547173893668391145e+02 2.351153833452395077e+02 2.186615045082495215e+02 2.188719716714136041e+02 2.427182697927459856e+02 2.265214818072185494e+02 2.551911923101652064e+02 2.500763168597125343e+02 2.069388802666954064e+02 1.892204620278007496e+02 2.832726446661387172e+02 2.166921757280179008e+02 2.182743076766891761e+02 1.867808505358895559e+02 4.689193145917451488e+01 2.148105597892495950e+02 3.545113585345201273e+02 1.518086407951433969e+01 1.491566631424990135e+02 2.454338359315041203e+02 2.281858221083296598e+02 2.345298149879027392e+02 2.293181088051441350e+02 2.113963199367864263e+02 2.410199329515853321e+02 2.258937946416171769e+02 2.232491703973791175e+02 2.431470029390643788e+02 2.249496708683356587e+02 2.154805388978567464e+02 2.153642083699434124e+02 2.137485801024456009e+02 2.465190724493919845e+02 2.283456389006805409e+02 2.127220707280414160e+02 2.495935230303810215e+02 2.239145406652059194e+02 2.513279508735001002e+02 2.295273580246031031e+02 2.297660895772316962e+02 2.377076224332082859e+02 2.439018575702250189e+02 2.442085175954603642e+02 2.426950934488826306e+02 2.401424944874935363e+02 2.196013568753564869e+02 2.478484845258750227e+02 2.498804592645182083e+02 2.549095511433794456e+02 2.461169768902566943e+02 2.309302710535348524e+02 2.680212084782935449e+02 2.541784874587403635e+02 2.679465598322786946e+02 2.794003070729675073e+02 2.411397740724118535e+02 2.123043975607994867e+02 2.878325004796271855e+02 2.070318939626206145e+02 2.543754228590136961e+02 2.777754729616921736e+02 1.949433286413228359e+02 2.957939416229116318e+02 2.565618874679442456e+02 2.711576482762670253e+02 2.217201873370014482e+02 2.031256215562033276e+02 2.531841729290547107e+02 2.293278017601066665e+02 2.013971514486280228e+02 2.916565974463048860e+02 2.526168647525944380e+02 1.475931524407051256e+02 2.758270109043182856e+02 2.516572892343110368e+02 2.428437440932031848e+02 2.208863749416495637e+02 2.128055055365172450e+02 1.989033183325011009e+02 1.157247130591640740e+02 2.625977943850241445e+02 2.331854272451989516e+02
2.562449620958706760e+02 2.489856366321634766e+02 2.369645774849277871e+02 3.245523722302086753e+02 2.182542997559978630e+02 2.225557902373387549e+02 2.371947468982713474e+02 2.353991175937862863e+02 2.168079447089334906e+02 2.181568594980807347e+02 2.329830132639814622e+02 2.189055233629628106e+02 2.149529345325628924e+02 2.264110162382159217e+02 2.221378510470473771e+02 2.525519592865356913e+02 2.399044516377981040e+02 2.339922874262691153e+02 2.629870256564207693e+02 2.313896592101257284e+02 2.374067243134611829e+02 2.556023129982683031e+02 2.238159182032932506e+02 2.309572824626807517e+02 2.575700274167314774e+02 2.330988578494759906e+02 2.234148839866988112e+02 2.238305043678927007e+02 2.198308848010684358e+02 2.212400923285791805e+02 2.273968077780841099e+02 2.333309239829145554e+02 2.366955860866291346e+02 2.379520613886311935e+02 2.370648685164843243e+02 2.494855642514770295e+02 2.584449631661591980e+02 2.297231241121150731e+02 2.310610254423307595e+02 2.462465607943367445e+02 2.290328381457817954e+02 2.237548976737665214e+02 2.260470327882366632e+02 2.532100973789176237e+02 2.460427945490358184e+02 2.463049573787671420e+02 2.774787309911867510e+02 2.259717309109346957e+02 1.981387426674469907e+02 2.696684518904645529e+02 2.092743141199441936e+02 2.183468903542732846e+02 2.141665768332822211e+02 6.362858264531234198e+01 2.093188089600433273e+02 3.088433033944355088e+02 5.385994918651596208e+01 1.422793854055688598e+02 2.440783097981253889e+02 2.196942447892852215e+02 2.285470575253023924e+02 2.206633374996925738e+02 2.029743652592303249e+02 2.369289624480662440e+02 2.162269581128432208e+02 2.160950910399254781e+02 2.390012346938822532e+02 2.204577388949167016e+02 2.167875415652174524e+02 2.161881628897195640e+02 2.097847128376220383e+02 2.438165124444527123e+02 2.148396352310108455e+02 2.073639517794075289e+02 2.454167014956662740e+02 2.164484567635004453e+02 2.373035860471347291e+02 2.274014265938477877e+02 2.277032629516199336e+02 2.326043330556763351e+02 2.386809671127783474e+02 2.360145871030194087e+02 2.307745882636025669e+02 2.345352678064570000e+02 2.114033025692255308e+02 2.325655263121959422e+02 2.455994830671681086e+02 2.534341011025300077e+02 2.377479430980916391e+02 2.308540828640448694e+02 2.614585204561709020e+02 2.453737791981576777e+02 2.657209799176647493e+02 2.767935731162928050e+02 2.258797038483916992e+02 2.259562873607304994e+02 2.514777567001629279e+02 2.099470493196323559e+02 2.509243825999047033e+02 2.736349190157108637e+02 1.993480681346222809e+02 2.879163171465814912e+02 2.612821162308221119e+02 2.614401008218336528e+02 2.238048131283149189e+02 2.057694396536462875e+02 2.477079347564063028e+02 2.232064365912397932e+02 1.901088698080136510e+02 2.765417629165012841e+02 2.642621709336708022e+02 1.642127839313337461e+02 2.765903149580333320e+02 2.477060194336824281e+02 2.348945011326528345e+02 1.944895700811245831e+02 2.292084496747972935e+02 2.289129970007351744e+02 1.279497223276916174e+02 2.596423010710749395e+02 2.238506865678556323e+02
2.345562171447036519e+02 2.333297618777173739e+02 2.210225642746101755e+02 2.182542997559978630e+02 3.223462402560152782e+02 2.066979150957884031e+02 2.215103513812489666e+02 2.185827591247933697e+02 2.032377122338182005e+02 2.034909098851242106e+02 2.203361484957337666e+02 2.040376925068974572e+02 2.027129962940347525e+02 2.124437585836983260e+02 2.074241807454850175e+02 2.363131736356599220e+02 2.237720375163823689e+02 2.218314870607725311e+02 2.397046286192968125e+02 2.151565451801520794e+02 2.240578786052424789e+02 2.385412283702412424e+02 2.067734870553986468e+02 2.161766967783121629e+02 2.381004758054333479e+02 2.174808552220602564e+02 2.098861516806011593e+02 2.070456468631337827e+02 2.027043404151538937e+02 2.093394701176650869e+02 2.127204985545638181e+02 2.180480817346626736e+02 2.194845036313649871e+02 2.220512366940016307e+02 2.204527771263321085e+02 2.330612665889269124e+02 2.399800004147113839e+02 2.136727678490635469e+02 2.171698731903737496e+02 2.323367571375783029e+02 2.161980563006597151e+02 2.021497768854350738e+02 2.052886960212628082e+02 2.258265601949509573e+02 2.213977105842425317e+02 2.334573059656295015e+02 2.346902653101215037e+02 1.919508273444931206e+02 1.834346739256226044e+02 2.666919801443513620e+02 2.042908518516152299e+02 2.018866577341920561e+02 1.977101408801182174e+02 3.836571146525049159e+01 1.955668901139844706e+02 3.255373766465689869e+02 3.846356256286592412e+01 1.366412126084091483e+02 2.076108012014305473e+02 2.069747891603493883e+02 2.102423405855415979e+02 2.086139348957231618e+02 1.927053497070777439e+02 2.187463716483168810e+02 2.056461715158434345e+02 2.055969649828115280e+02 2.200607900045567646e+02 2.003760749927349138e+02 2.006096950938147643e+02 1.995832732781691163e+02 1.967698658924987285e+02 2.264915147643409341e+02 2.097278326960196750e+02 1.948147950809185716e+02 2.285457637998119651e+02 2.033335497532060288e+02 2.300856721573063055e+02 2.112046590005301994e+02 2.107338318880343593e+02 2.168231717596353008e+02 2.187978637517782659e+02 2.224644331749658477e+02 2.195677496573616452e+02 2.191069977313327968e+02 2.008652178907830432e+02 2.244030058651930801e+02 2.299383489649844705e+02 2.359577763159345807e+02 2.234943349214572947e+02 2.119126681950950513e+02 2.463431088715763337e+02 2.307297549993843404e+02 2.443247743253509157e+02 2.555048597706083058e+02 2.194238024319313354e+02 2.074664592997550869e+02 2.676020087552610676e+02 1.956579247081693040e+02 2.358084963576469590e+02 2.529049995795518271e+02 1.824316774387060605e+02 2.707222117745322407e+02 2.448803404410445523e+02 2.455499345663843371e+02 2.006938256521733308e+02 1.850242277203800541e+02 2.300169145293965869e+02 2.079592126277070747e+02 1.941611743322656878e+02 2.590059599783652402e+02 2.375539179652601547e+02 1.409294376872442172e+02 2.646021545581281202e+02 2.278313163863005855e+02 2.234014523342788152e+02 2.132387394536721388e+02 2.039162896742420514e+02 1.770186007188075337e+02 1.739976701357833235e+02 2.377015508060817979e+02 1.988551482140404687e+02
2.411496612636661041e+02 2.337443489598271356e+02 2.233393004360846135e+02 2.225557902373387549e+02 2.066979150957884031e+02 3.082580885570084206e+02 2.236392263882427471e+02 2.225123912175925227e+02 2.065937553291201425e+02 2.082940398487830862e+02 2.222703266745613178e+02 2.085805530048316996e+02 2.046999629590487473e+02 2.137024291547157304e+02 2.107525242923961173e+02 2.358852899158378591e+02 2.267460070362611191e+02 2.239705113099216476e+02 2.474920464449597830e+02 2.190147405121910253e+02 2.273488003013774517e+02 2.396754359866056916e+02 2.126890650025560774e+02 2.194896561596633831e+02 2.419927810742906331e+02 2.204020791681855371e+02 2.085736292391615621e+02 2.119971607959508333e+02 2.071808776297914676e+02 2.094363338609213940e+02 2.139504015050654857e+02 2.170824702434834421e+02 2.232953044452769404e+02 2.263456920917060415e+02 2.251004789807860789e+02 2.357954360044649320e+02 2.427564994553391955e+02 2.213035136430497118e+02 2.195107931119719638e+02 2.304502125045138428e+02 2.177746874364608516e+02 2.131044928996594763e+02 2.153724886338105193e+02 2.408699741657291611e+02 2.417222899188256520e+02 2.324830766341817707e+02 2.633891618219287238e+02 2.151681307088035169e+02 1.970230267026252875e+02 2.594653340129241883e+02 2.033260577414238242e+02 2.070187095784527855e+02 2.237014428998422488e+02 6.356272904150052483e+01 1.981374328494683255e+02 2.984605816774983396e+02 6.995031883145483675e+01 1.201858117333484017e+02 2.259476520531222263e+02 2.068668321498567195e+02 2.129266034069089244e+02 2.070645745412398639e+02 1.924923497975674991e+02 2.230866767026535058e+02 2.026076493313546223e+02 2.060556347089270446e+02 2.234023014315016837e+02 2.052310599287121988e+02 2.055511013527099635e+02 2.045395210384826896e+02 1.984638372479942348e+02 2.301492321279813495e+02 2.052641652325174277e+02 1.959359221991633149e+02 2.310067663790360939e+02 2.036041110194060764e+02 2.226053226581481965e+02 2.148544782351973197e+02 2.149387641634684201e+02 2.186133287969772709e+02 2.195376916811262333e+02 2.208124580409219107e+02 2.173888215699366242e+02 2.194583539973876611e+02 2.068538399658274045e+02 2.169599750882373712e+02 2.318545433544515220e+02 2.398440364252606116e+02 2.227166433331763642e+02 2.178054356553857360e+02 2.466881125434439070e+02 2.270384502742535062e+02 2.484447113376150185e+02 2.605023740536771584e+02 2.129374071536713302e+02 2.226703879217826625e+02 2.408076071803917273e+02 2.035782257900446552e+02 2.367394356823278372e+02 2.569968073615141293e+02 1.918167478456197159e+02 2.711180082711205728e+02 2.590794851033701889e+02 2.444498480901829112e+02 2.093280882685535857e+02 1.927513527751299875e+02 2.318429221541067307e+02 2.082361830084755638e+02 1.889403049941921324e+02 2.539579208810230000e+02 2.567385643317035147e+02 1.574253993220585812e+02 2.692659006890835371e+02 2.301110046044727255e+02 2.252294326169570979e+02 1.936073054511618068e+02 2.245357395247490331e+02 2.113720196033302159e+02 1.809444251369546350e+02 2.444560900641440639e+02 2.031712315175604715e+02
2.562115513826065012e+02 2.563354758703074481e+02 2.408437664784269998e+02 2.371947468982713474e+02 2.215103513812489666e+02 2.236392263882427471e+02 3.392898723723533294e+02 2.370104224028560509e+02 2.199723241677746728e+02 2.196148155826138577e+02 2.364585546793108790e+02 2.206001923039617907e+02 2.193832812392755898e+02 2.332897414247716767e+02 2.229711308930772020e+02 2.608817811909971738e+02 2.454791687804542448e+02 2.383658127295057056e+02 2.633618743382169214e+02 2.328005358396199256e+02 2.396583830964099207e+02 2.622989366472548909e+02 2.242368238743580662e+02 2.334450471699454965e+02 2.607523034320749389e+02 2.360109081177326402e+02 2.307480022821996499e+02 2.242107430530100203e+02 2.231135802133044024e+02 2.277434932209158092e+02 2.319968273637100538e+02 2.412633990270344952e+02 2.419416856843085952e+02 2.437980178170835472e+02 2.400693936289036401e+02 2.546228450443468887e+02 2.641398905734590130e+02 2.291104481012762619e+02 2.368577877318729463e+02 2.545075248863522006e+02 2.353266880825933356e+02 2.202710415782978544e+02 2.212341196695075212e+02 2.436991567232572038e+02 2.294386753331894226e+02 2.573372693911963438e+02 2.498516601125180330e+02 2.044725553327436103e+02 1.924679744972232243e+02 2.828276403549894553e+02 2.208788536908911908e+02 2.192808419515266678e+02 1.851099582340483209e+02 5.063852944026336900e+01 2.139140447661742712e+02 3.503981385312141583e+02 1.901928736415640131e+01 1.608924662123518488e+02 2.455246047264274978e+02 2.276016472022509447e+02 2.347722051028854935e+02 2.289068460169632715e+02 2.174936736372125381e+02 2.415863974444468170e+02 2.257490299611809519e+02 2.238886382201287120e+02 2.424302331194244005e+02 2.252032401352896898e+02 2.169994985757884365e+02 2.159339569013683047e+02 2.136847563990259857e+02 2.467738309414946229e+02 2.285297197497229718e+02 2.130658386862854172e+02 2.493457258045321510e+02 2.241678556760554102e+02 2.521149154469509881e+02 2.298174979294230980e+02 2.300150185501229316e+02 2.371047798972658427e+02 2.438809691973394536e+02 2.441399950211462340e+02 2.413262817090893009e+02 2.402922189405141751e+02 2.173540618429502729e+02 2.493115980410063059e+02 2.499007106726828624e+02 2.550096308781639891e+02 2.468933577071396712e+02 2.317571815458103970e+02 2.665193006192554321e+02 2.554388880928778747e+02 2.688697878871263356e+02 2.795285448211776611e+02 2.415678193239025120e+02 2.106004894731041759e+02 2.844688018138703001e+02 2.053973279753307963e+02 2.560084292093980594e+02 2.777654969666256761e+02 1.934778921344269236e+02 2.951184269795297155e+02 2.574604533274506366e+02 2.704453745031763674e+02 2.234278689527396295e+02 2.027009132614378757e+02 2.539790218685479033e+02 2.304668723767071015e+02 2.010714485324730276e+02 2.897956668185180433e+02 2.538189045935520483e+02 1.500648226569873032e+02 2.801908541817044807e+02 2.551584684675161157e+02 2.416975137140399852e+02 2.175283655675975467e+02 2.129682175585821540e+02 1.996243524804245908e+02 1.181123843547376424e+02 2.597700056070918890e+02 2.320097100163712867e+02
2.562478948647248558e+02 2.500342571867850836e+02 2.370780471310293365e+02 2.353991175937862863e+02 2.185827591247933697e+02 2.225123912175925227e+02 2.370104224028560509e+02 3.257413235780603031e+02 2.170676629086508171e+02 2.185590444311822012e+02 2.334566607941398502e+02 2.196719329855126830e+02 2.147828917946432910e+02 2.272178374349429362e+02 2.226999564342348776e+02 2.538777001007138097e+02 2.402418076187636018e+02 2.351444712335221823e+02 2.639198779158940624e+02 2.311734861960045180e+02 2.375150492615167366e+02 2.566514257454091990e+02 2.240865646512650926e+02 2.315603471853434598e+02 2.585676243865223114e+02 2.330319084610773643e+02 2.238564608272810119e+02 2.240717979062922893e+02 2.204225855311723592e+02 2.218895190106594555e+02 2.281015085496135271e+02 2.344995538239643054e+02 2.377804237844224815e+02 2.394693321420907068e+02 2.374844245426295117e+02 2.515378295242869910e+02 2.594878338216702218e+02 2.286380309853308290e+02 2.320674866786749817e+02 2.467637301284394198e+02 2.300330886660864564e+02 2.250041859318818069e+02 2.264274453450830151e+02 2.531284914491835991e+02 2.428182697923751334e+02 2.481192640892096790e+02 2.748894135130550467e+02 2.278560262925398661e+02 1.995819959468886395e+02 2.693460664522037291e+02 2.099053634358602949e+02 2.201076004382361759e+02 2.080365418791637069e+02 6.708811521344293283e+01 2.111397524350421975e+02 3.187442059051618912e+02 5.005992087759919684e+01 1.432178313187691003e+02 2.442638465897603623e+02 2.210455084482044299e+02 2.304313288657846783e+02 2.218215390957455782e+02 2.126001045996528092e+02 2.385305944309025392e+02 2.179175260234874543e+02 2.188486868737171562e+02 2.398178532129844882e+02 2.207236672236144557e+02 2.170992758618437790e+02 2.162628118365832961e+02 2.112470538867429468e+02 2.442486503452061015e+02 2.176427058416655029e+02 2.084033587218917489e+02 2.465528178143603100e+02 2.170380050929466620e+02 2.380079941131947976e+02 2.284732716561172197e+02 2.286447182667710365e+02 2.331279560468683769e+02 2.384475755712605860e+02 2.373701114854979153e+02 2.333921465707646803e+02 2.349318061884581823e+02 2.133194293453690022e+02 2.334407140666552891e+02 2.456829593632185436e+02 2.535218798321488691e+02 2.389710265475603705e+02 2.308312955167113785e+02 2.619927248564724209e+02 2.476720072395015393e+02 2.657022426690641623e+02 2.770541339556086200e+02 2.285995891275689473e+02 2.293271999572614845e+02 2.508452546317473093e+02 2.098163951880781326e+02 2.500208630252501507e+02 2.743391658892359146e+02 2.014624346587774539e+02 2.915463697807520020e+02 2.642513672343923758e+02 2.621130615159017339e+02 2.244851169754137175e+02 2.057516979079784107e+02 2.471454823160045464e+02 2.263320048421454942e+02 1.894444755882803975e+02 2.776794128583235874e+02 2.661596572086661467e+02 1.672115020279626663e+02 2.744195844824744199e+02 2.483559173996898437e+02 2.356125918101243712e+02 2.007500811374901843e+02 2.313817250817564002e+02 2.274551207089180309e+02 1.279586239347047183e+02 2.607735801311326895e+02 2.271876336360211326e+02
2.334241753374745656e+02 2.310175078148864145e+02 2.199470853797616599e+02 2.168079447089334906e+02 2.032377122338182005e+02 2.065937553291201425e+02 2.199723241677746728e+02 2.170676629086508171e+02 3.201878784275939438e+02 2.036136505284314921e+02 2.188128830635861561e+02 2.037946739592393897e+02 2.017323392747272806e+02 2.106646646595230834e+02 2.055106913153826440e+02 2.339790242067174688e+02 2.233047036696228531e+02 2.211219196730770875e+02 2.392794126237989190e+02 2.143204685306762087e+02 2.228398073014086265e+02 2.371921393609385404e+02 2.065671015770225551e+02 2.144057338869384353e+02 2.362972317277864818e+02 2.170367803222561349e+02 2.075512577586288785e+02 2.059924793465791595e+02 2.026522963451710950e+02 2.080126306590197771e+02 2.092087215069400941e+02 2.159791042934278380e+02 2.178165632433022267e+02 2.212327935767125098e+02 2.189282807975916967e+02 2.314050130598016892e+02 2.380983972192217948e+02 2.132333736106208164e+02 2.173137560308522040e+02 2.300111608768687859e+02 2.153324558296035889e+02 2.023124252500350337e+02 2.049623739219570950e+02 2.268888847920197236e+02 2.238957354426418078e+02 2.352060775067247675e+02 2.353422580934946211e+02 1.929173780232878528e+02 1.846447324265758994e+02 2.681811280337549874e+02 2.028663804807547137e+02 2.003406559630056449e+02 1.984466067400016414e+02 4.177638589386028656e+01 1.955063448995635156e+02 3.250868950920379916e+02 5.021427545166938700e+01 1.288750672505246655e+02 2.102271525691282079e+02 2.053074427663689505e+02 2.096890397400952963e+02 2.053765815340443623e+02 1.934121700975053386e+02 2.178958430420278205e+02 2.027598229341227238e+02 2.033644960686671368e+02 2.190384851300505034e+02 1.987787527004707329e+02 1.991373988024921005e+02 1.985227535180127916e+02 1.955323930499450853e+02 2.245561895086719915e+02 2.078093084111179394e+02 1.933646916017477508e+02 2.280895905873033769e+02 2.029880954023192601e+02 2.273888618153304151e+02 2.099363163694611671e+02 2.095288226599451775e+02 2.157434332349562851e+02 2.168063631623014942e+02 2.197091247732497550e+02 2.185650354243688298e+02 2.174792014226136416e+02 2.020444048739935567e+02 2.222753322739900455e+02 2.274373506266052516e+02 2.340795803471053773e+02 2.221517079336275344e+02 2.117388393340005734e+02 2.441054999364273499e+02 2.265954956879265012e+02 2.426801336232162782e+02 2.531879717879388068e+02 2.167940562169252701e+02 2.075268299888464014e+02 2.633974166414316755e+02 1.964113932646374678e+02 2.349513452776058955e+02 2.517437759562091912e+02 1.818260415724579957e+02 2.720388137256204004e+02 2.529164550730836822e+02 2.442351502648409109e+02 1.988651229892588503e+02 1.857878552565343568e+02 2.275748069791201260e+02 2.052114617340444624e+02 1.920650387024822408e+02 2.560968701499118083e+02 2.398689471755202760e+02 1.384516915288542691e+02 2.656778246201316165e+02 2.245098045090774974e+02 2.237648220098086824e+02 2.095345384981557686e+02 2.078728091178466855e+02 1.782901174961140214e+02 1.809070901590544622e+02 2.384037778893673760e+02 1.955713668358367272e+02
2.358856591613005946e+02 2.272976291737121812e+02 2.193682133605805404e+02 2.181568594980807347e+02 2.034909098851242106e+02 2.082940398487830862e+02 2.196148155826138577e+02 2.185590444311822012e+02 2.036136505284314921e+02 3.464178561999116823e+02 2.195497668775765021e+02 2.065493436861032990e+02 2.014937587795330955e+02 2.077256896280571539e+02 2.079039126269103974e+02 2.289644136533351571e+02 2.214435483492083279e+02 2.209268212665113538e+02 2.422328033614309675e+02 2.152507634125721268e+02 2.253818998449373510e+02 2.331941037012062452e+02 2.086088951895342234e+02 2.145105524402054868e+02 2.366711833297813996e+02 2.159560655808736840e+02 2.020452866197610433e+02 2.097191446868720277e+02 2.028749519522588969e+02 2.052032680580310284e+02 2.082197196376348529e+02 2.085174203044021226e+02 2.177575517021654434e+02 2.208792240164640930e+02 2.218973465322078766e+02 2.298035556184913730e+02 2.374601971994185874e+02 2.186881569142452122e+02 2.177467456827804710e+02 2.242373715699646937e+02 2.125716097781186136e+02 2.117763163152757500e+02 2.147712211746781179e+02 2.408461084869701381e+02 2.498420911992828337e+02 2.304452688420271329e+02 2.710854597830850707e+02 2.294144336179123229e+02 2.009266498541018109e+02 2.568060209506991214e+02 1.986014106389814344e+02 2.043990287283379246e+02 2.426418064600512139e+02 5.825570001536094367e+01 1.965743299533185109e+02 2.852008251636327145e+02 9.384813333883751341e+01 1.153572451346402090e+02 2.195346251858624953e+02 1.994844160189796867e+02 2.055500238775631772e+02 1.995487867746028314e+02 2.032808402324653798e+02 2.169051972557930128e+02 1.943341840812699104e+02 2.028742660705234755e+02 2.178235948677760234e+02 1.965329111696207178e+02 2.033615386784754264e+02 2.022267840304706397e+02 1.940342763195223483e+02 2.241057786977277715e+02 1.986711454966541623e+02 1.900027078952834074e+02 2.265791041709443334e+02 1.973498778131553024e+02 2.163930966760268859e+02 2.099576862813999867e+02 2.102368030610306846e+02 2.128817188871086330e+02 2.111254497072311835e+02 2.145882986186341270e+02 2.103906839233414701e+02 2.136043107765141542e+02 2.029826836759270634e+02 2.079054372278198173e+02 2.265964426335957853e+02 2.363381883150528040e+02 2.161599106449460521e+02 2.143012552969394449e+02 2.437279721366386696e+02 2.181409855960632740e+02 2.415920935384314134e+02 2.525989500427078269e+02 2.077507047162929723e+02 2.283443966759302555e+02 2.327152248067216647e+02 2.059227254234323823e+02 2.346141808160175799e+02 2.502118633568494204e+02 1.968838039440862531e+02 2.690461477655439353e+02 2.599646040875950916e+02 2.380817019783935393e+02 2.028406286348217407e+02 1.910328171468654261e+02 2.234715278880505025e+02 2.018719052982453377e+02 1.920807764820273462e+02 2.416482888871868795e+02 2.640837610451735600e+02 1.611800029264765897e+02 2.828379301197574023e+02 2.218199962117144821e+02 2.219805646757083366e+02 1.936314110875019594e+02 2.389550826372656900e+02 2.123117359052602069e+02 2.321107249648781021e+02 2.407044696176207026e+02 1.962086018207807854e+02
2.490828296520653566e+02 2.476547358286278211e+02 2.359113510659968824e+02 2.329830132639814622e+02 2.203361484957337666e+02 2.222703266745613178e+02 2.364585546793108790e+02 2.334566607941398502e+02 2.188128830635861561e+02 2.195497668775765021e+02 3.499308943105044136e+02 2.202927833054035887e+02 2.181976411868535308e+02 2.259827322400833225e+02 2.216488268469012723e+02 2.494208623349291543e+02 2.368061655486642110e+02 2.409664347830683653e+02 2.546600016263733153e+02 2.311913879652086052e+02 2.434894980726589040e+02 2.518561822941615276e+02 2.219076454963224592e+02 2.312631576273157918e+02 2.517022303679333959e+02 2.334634503558110623e+02 2.210146002537590562e+02 2.208760652947158007e+02 2.133910718821218211e+02 2.246922558322457917e+02 2.247399635324579492e+02 2.279965876116874028e+02 2.314850462124767603e+02 2.384776839658422602e+02 2.371175416042339350e+02 2.486828178745613229e+02 2.538732129045115187e+02 2.316682525577749061e+02 2.364692324010266873e+02 2.453240218012944638e+02 2.321839468647592639e+02 2.132548127669130622e+02 2.178574644648915069e+02 2.436754049968957077e+02 2.460518712240893819e+02 2.537931042110164697e+02 2.529086027945098749e+02 2.090834857583056419e+02 2.171319146385929173e+02 2.991971301566086936e+02 2.256993625028581505e+02 2.146133174506675800e+02 2.320939871118678184e+02 3.133459082622469438e+01 2.097814467987614933e+02 3.597175276631694487e+02 5.931470227916726401e+01 1.442363056248047997e+02 2.166531573930347179e+02 2.200594069212041859e+02 2.201485073081968267e+02 2.198761177204111732e+02 2.091971562389653911e+02 2.305877186999956621e+02 2.173599342728342094e+02 2.171567952276378719e+02 2.318832632640109068e+02 2.087223174534977659e+02 2.145428965895580120e+02 2.135234307433333925e+02 2.094528977361303532e+02 2.406447247981774638e+02 2.249318154249844497e+02 2.076022124973968062e+02 2.442302342905704791e+02 2.173555877410211679e+02 2.477379201589810975e+02 2.244905775082665684e+02 2.246042857483396915e+02 2.313212052186200935e+02 2.294583082180608358e+02 2.340524204018209673e+02 2.348848324635831659e+02 2.327327900730161616e+02 2.243837135792953745e+02 2.371165477740662482e+02 2.441397120156635197e+02 2.514838160270449237e+02 2.359549490782736711e+02 2.258121649555102124e+02 2.659630116210103665e+02 2.407564465379617502e+02 2.602391268022382178e+02 2.709475893459338636e+02 2.361383184621526539e+02 2.303646777516137263e+02 3.039579283140378152e+02 2.169926408520779546e+02 2.555102395695936650e+02 2.687752811191264186e+02 1.979053553229886404e+02 2.926681090893980581e+02 2.814518535019155365e+02 2.613798612866823419e+02 2.093714703016616454e+02 1.973872117529338368e+02 2.439420763646669457e+02 2.203024286468389334e+02 2.206134309115499263e+02 2.690889323568742384e+02 2.623985341169506000e+02 1.472524385576913915e+02 2.930421522674991479e+02 2.375767183908735660e+02 2.472873205334085469e+02 2.278972079400086841e+02 2.334407526520955116e+02 1.749634042024264602e+02 2.669771297000316395e+02 2.513318925755475846e+02 2.036065909912156542e+02
2.371669076868111574e+02 2.282548275333208494e+02 2.206280303719033213e+02 2.189055233629628106e+02 2.040376925068974572e+02 2.085805530048316996e+02 2.206001923039617907e+02 2.196719329855126830e+02 2.037946739592393897e+02 2.065493436861032990e+02 2.202927833054035887e+02 3.460350037214063832e+02 2.013282423239603531e+02 2.087721562727374760e+02 2.087977275760896987e+02 2.300605397287036737e+02 2.200771290749800926e+02 2.227609784881970825e+02 2.441852772727576166e+02 2.159150669743419257e+02 2.251384636845246234e+02 2.338226922086130912e+02 2.096857776290324864e+02 2.148816297453736013e+02 2.375476243739589677e+02 2.171848912757760957e+02 2.033982155037423638e+02 2.097360165215401651e+02 2.023019881470179371e+02 2.055061131189239916e+02 2.083015313516287108e+02 2.101972572999360409e+02 2.186215121089039144e+02 2.201607210068834206e+02 2.217774473263376365e+02 2.310644805322372406e+02 2.377538827844455795e+02 2.170300145485701933e+02 2.161822309504351551e+02 2.246088344197454489e+02 2.123830666840885328e+02 2.119660128268473898e+02 2.157276989194666328e+02 2.407656634068896437e+02 2.509341092356716842e+02 2.291952871357388517e+02 2.712071381429908570e+02 2.298347369798547390e+02 2.055963227583731907e+02 2.588720882114549227e+02 1.965964360664456478e+02 2.074724083201141127e+02 2.396606739503826873e+02 6.176011386879643794e+01 1.971523998087961900e+02 2.909263631421646323e+02 9.777101465163282512e+01 1.132925778730152189e+02 2.260642132122300438e+02 2.024804107824872403e+02 2.069603039433910965e+02 2.003875203139236021e+02 2.082132061749064462e+02 2.176598797821573612e+02 1.953022480091434829e+02 2.015975343127693407e+02 2.176906713189790992e+02 1.978962997706388478e+02 2.028350784766086008e+02 2.018715813652414113e+02 1.949847605262143588e+02 2.251643501070130640e+02 1.992487176048574611e+02 1.910593424970439003e+02 2.275986920754348546e+02 1.978755815869149615e+02 2.170197503266833507e+02 2.100304227499107697e+02 2.103242193265101321e+02 2.137059316681023802e+02 2.138977126306215553e+02 2.143893627620444136e+02 2.115151137945514677e+02 2.156718144857844379e+02 2.035608149745591220e+02 2.076445200316879038e+02 2.272347277201390341e+02 2.364782359189337910e+02 2.169469087005559231e+02 2.147092024297311070e+02 2.438183826384949100e+02 2.206587370665732522e+02 2.434547581982718896e+02 2.541100830870381913e+02 2.073817042806838629e+02 2.302002134277698531e+02 2.301598542248475496e+02 2.054885731605992305e+02 2.359876583701694130e+02 2.527340676643770223e+02 1.972219369429182052e+02 2.667124335111686264e+02 2.626945037958981857e+02 2.365061690633485227e+02 2.050014664949062819e+02 1.914543308539338682e+02 2.226900104053998746e+02 2.059422184636135569e+02 1.945095932059035704e+02 2.462618184139736002e+02 2.632403230806003762e+02 1.612202327717311903e+02 2.789138929894340890e+02 2.225916074753463079e+02 2.221391019070842958e+02 1.871141748199846404e+02 2.336360792859396440e+02 2.122916378406490310e+02 2.264786300007891100e+02 2.397725355336365851e+02 1.963534747362848236e+02
2.303648799508612797e+02 2.316927035367057215e+02 2.192578164809868895e+02 2.149529345325628924e+02 2.027129962940347525e+02 2.046999629590487473e+02 2.193832812392755898e+02 2.147828917946432910e+02 2.017323392747272806e+02 2.014937587795330955e+02 2.181976411868535308e+02 2.013282423239603531e+02 3.171947127140533098e+02 2.116376724402210527e+02 2.035923870437729306e+02 2.353669594620236012e+02 2.223646981453802596e+02 2.203982272259335957e+02 2.355180942551632484e+02 2.130792298040026935e+02 2.217970277944262136e+02 2.370015607171043257e+02 2.038430891890692180e+02 2.134948688075040195e+02 2.340397719501103211e+02 2.147705710693032870e+02 2.093982793811655938e+02 2.037800885979791303e+02 2.015884055078945494e+02 2.092597620863022883e+02 2.098254393029362177e+02 2.182222650415126850e+02 2.190455956652559735e+02 2.206339278655191833e+02 2.185629314601516171e+02 2.308430428304403961e+02 2.378414307146747433e+02 2.103224207355798114e+02 2.173519466689590445e+02 2.304874148268346516e+02 2.163301653474873945e+02 1.966534541103616789e+02 1.985206652581051969e+02 2.196861712014112697e+02 2.126197580455278455e+02 2.374716347003697763e+02 2.188820563070560183e+02 1.808688867509866043e+02 1.795940979908337454e+02 2.734138269666374867e+02 2.071854483180510442e+02 1.971978395394477559e+02 1.891888270016582112e+02 3.146041725211228623e+01 1.958469265329346740e+02 3.463386006922677893e+02 2.900658434821810872e+01 1.465618342343136931e+02 2.195536240244004773e+02 2.087420396957148228e+02 2.096831538115226863e+02 2.076877335706236636e+02 2.044585807876200931e+02 2.170689928682209313e+02 2.068304698362972260e+02 2.071026518650277524e+02 2.180297077956151668e+02 1.997610113781988446e+02 1.969158088153230892e+02 1.956810117406837435e+02 1.949507970634190599e+02 2.238158177700145757e+02 2.123512506529901884e+02 1.934511456647745433e+02 2.268020327470993038e+02 2.038459391699208538e+02 2.343184512750967485e+02 2.082003121016860803e+02 2.081775133774966378e+02 2.159303227520705093e+02 2.178375444886024752e+02 2.221886731663047669e+02 2.216403346180530605e+02 2.184881008596801450e+02 2.161572672185411932e+02 2.273596614701948226e+02 2.274802612353167319e+02 2.328405280837305042e+02 2.235837081887717659e+02 2.087845611546895270e+02 2.449887144560739216e+02 2.295669312496011685e+02 2.427653318578248616e+02 2.519558037769662349e+02 2.227270601926042843e+02 1.961854754763369897e+02 2.854997339008664312e+02 1.959362256530476429e+02 2.352800104842480380e+02 2.504291959791836177e+02 1.773861999227921160e+02 2.764381964819934865e+02 2.472579430044701780e+02 2.461654072163297826e+02 1.963219456711744613e+02 1.825099024171207418e+02 2.284984614169449344e+02 2.081871362287216698e+02 1.989962899674909806e+02 2.607686783415970240e+02 2.327105240298620288e+02 1.296797580315390803e+02 2.621550141227479571e+02 2.262098377908913847e+02 2.284728827683211705e+02 2.117144126007319187e+02 1.971026194534925082e+02 1.646640550743861979e+02 1.836293534574971318e+02 2.345316272910325210e+02 2.091912722054893550e+02
