2.921160597510088905e+02 2.551502776254029925e+02 2.369554710248859806e+02 2.409510589137876764e+02 2.487498391917414722e+02 2.431962829643675263e+02 2.509300741987497645e+02 2.395803862321756696e+02 1.975681189678722092e+02 2.605967984290424511e+02 2.323386339510039136e+02 2.442618995211842616e+02 1.772630881575636295e+02 2.241164457772510445e+02 2.418711544957717479e+02 2.357132993373049032e+02 2.330673142410325340e+02 2.322227983815614039e+02 2.397012037419874275e+02 2.383745114763696051e+02 2.218529777265247276e+02 2.449002581047783167e+02 2.291271661287161976e+02 2.409270189319526025e+02 2.552369616998290667e+02 2.374736447043089242e+02 2.528642214312709200e+02
2.551502776254029925e+02 3.252672311369607883e+02 2.474154265819844056e+02 2.516326000284918223e+02 2.577635858512205687e+02 2.537040690007272588e+02 2.606301919719793432e+02 2.508305956117920914e+02 2.045831523854118075e+02 2.741599759427010667e+02 2.395274171384200486e+02 2.523413721461965622e+02 1.837443390698618089e+02 2.325703541752936303e+02 2.501377092928543675e+02 2.464906925254328769e+02 2.426594409507814873e+02 2.405817111772440455e+02 2.484065111035600353e+02 2.470654991006759644e+02 2.306741560007634746e+02 2.587045732902536770e+02 2.369463950025815109e+02 2.511988332769239491e+02 2.645787341779732742e+02 2.449817561871003306e+02 2.600841127759254050e+02
2.369554710248859806e+02 2.474154265819844056e+02 3.004693379761944243e+02 2.368401259993121073e+02 2.369831895141898030e+02 2.398681754204879155e+02 2.418549800080954242e+02 2.333890595429284360e+02 1.957215282056949377e+02 2.498195021950704700e+02 2.237798411824429650e+02 2.337082027234545478e+02 1.774354707499938684e+02 2.258670797238040393e+02 2.326323447130798741e+02 2.294422926236044020e+02 2.266490976038805343e+02 2.239774927083588523e+02 2.321241403966468795e+02 2.326944975581711788e+02 2.286592366478508040e+02 2.475143463810339881e+02 2.211429047481637724e+02 2.316859519924112476e+02 2.415701609963980161e+02 2.268936336430926701e+02 2.424568326664637823e+02
2.409510589137876764e+02 2.516326000284918223e+02 2.368401259993121073e+02 3.024739827782517523e+02 2.422760626372549098e+02 2.424388675191876530e+02 2.458315545435064848e+02 2.373803198922659590e+02 1.946611785827709866e+02 2.557859432495505132e+02 2.267707510261415678e+02 2.384978176008363562e+02 1.720131151178871960e+02 2.251936127998953623e+02 2.369844166887224048e+02 2.335606339921769745e+02 2.303211161421235147e+02 2.279482437232117036e+02 2.354002655332934353e+02 2.355317221889898462e+02 2.265690902278829810e+02 2.491832924414369472e+02 2.246297188801682125e+02 2.360030967395686332e+02 2.473937610339682749e+02 2.307938138496534464e+02 2.458303480604321010e+02
2.487498391917414722e+02 2.577635858512205687e+02 2.369831895141898030e+02 2.422760626372549098e+02 3.117825137140276297e+02 2.443190179518184664e+02 2.541992275800128311e+02 2.410667636868776640e+02 2.009294356785327693e+02 2.607086475577132774e+02 2.354063098846606010e+02 2.482753830391051508e+02 1.840691188076777962e+02 2.273886934608824788e+02 2.453259967770204639e+02 2.371246374168595992e+02 2.352744328338415585e+02 2.342479031502826672e+02 2.434776308753503145e+02 2.417784251936084559e+02 2.228750198778592733e+02 2.445690083187627408e+02 2.325318789590607764e+02 2.445194192295218727e+02 2.592843205455008615e+02 2.416631773156707368e+02 2.607086792609792383e+02
2.431962829643675263e+02 2.537040690007272588e+02 2.398681754204879155e+02 2.424388675191876530e+02 2.443190179518184664e+02 3.452985679795193619e+02 2.483719937350044802e+02 2.402026379556459972e+02 2.002704732074967353e+02 2.626609454633996847e+02 2.290714501158227847e+02 2.400328810639381061e+02 1.819111987804741943e+02 2.271260633962091902e+02 2.383553476614388842e+02 2.358040067649798459e+02 2.320068629060116052e+02 2.308179862505840561e+02 2.371757803667709652e+02 2.370088058651021754e+02 2.294740002325103490e+02 2.538466774614724386e+02 2.264124033784690653e+02 2.382437472373560752e+02 2.498665620309815267e+02 2.332915836607467952e+02 2.482922370501063369e+02
2.509300741987497645e+02 2.606301919719793432e+02 2.418549800080954242e+02 2.458315545435064848e+02 2.541992275800128311e+02 2.483719937350044802e+02 3.670179695767855037e+02 2.419771795549923752e+02 2.064227632633730991e+02 2.559418046571002208e+02 2.395444650045095898e+02 2.515253868060582079e+02 1.959765338814545999e+02 2.364515469585736582e+02 2.492207664350453058e+02 2.383579248456518656e+02 2.374021947274543720e+02 2.361504935757484418e+02 2.488427660542032527e+02 2.469181141224250666e+02 2.326240371723552585e+02 2.462822361613490330e+02 2.367047718731292036e+02 2.459911159993183958e+02 2.590219848476211268e+02 2.448372356454806891e+02 2.654702816525218054e+02
2.395803862321756696e+02 2.508305956117920914e+02 2.333890595429284360e+02 2.373803198922659590e+02 2.410667636868776640e+02 2.402026379556459972e+02 2.419771795549923752e+02 4.125577987617104441e+02 1.985944942875727293e+02 2.989588928483967720e+02 2.182632645153043711e+02 2.306773158083776423e+02 1.821110490621708209e+02 2.055477448790536528e+02 2.279269340950501146e+02 2.404390283086533771e+02 2.286542663426567685e+02 2.289121017364161332e+02 2.230066684514651456e+02 2.230564866342090795e+02 2.053004447813354716e+02 2.581688163799462927e+02 2.162894683882123843e+02 2.393008456571120632e+02 2.539205424035040721e+02 2.272769919170492017e+02 2.271655863195300924e+02
1.975681189678722092e+02 2.045831523854118075e+02 1.957215282056949377e+02 1.946611785827709866e+02 2.009294356785327693e+02 2.002704732074967353e+02 2.064227632633730991e+02 1.985944942875727293e+02 7.109099228379554916e+02 2.587356086749539372e+02 1.972451864019241441e+02 1.956416419999316076e+02 3.684516757820430257e+02 2.375827744836173565e+02 1.932873468286798584e+02 1.935235980998941727e+02 1.895872383757617001e+02 1.882705845524582742e+02 1.987499002870052323e+02 1.964683791298353128e+02 1.908173840166828938e+02 2.299865545191812828e+02 1.911979654491447604e+02 2.009891393655685192e+02 2.142820502387747297e+02 2.227720210029869179e+02 2.272959938085357408e+02
2.605967984290424511e+02 2.741599759427010667e+02 2.498195021950704700e+02 2.557859432495505132e+02 2.607086475577132774e+02 2.626609454633996847e+02 2.559418046571002208e+02 2.989588928483967720e+02 2.587356086749539372e+02 8.506564867986172658e+02 2.188918886918095268e+02 2.296332660065799871e+02 2.606775377443427146e+02 1.861843816813650960e+02 2.246488314208656618e+02 2.847357548437265109e+02 2.479351899305272298e+02 2.536230915008812872e+02 2.112186047251552452e+02 2.129832821714682609e+02 1.716114705064908321e+02 3.181886333001995695e+02 2.186913464603215402e+02 2.702721218274041917e+02 2.953354752032645365e+02 2.472737960595944742e+02 2.018305096264519989e+02
2.323386339510039136e+02 2.395274171384200486e+02 2.237798411824429650e+02 2.267707510261415678e+02 2.354063098846606010e+02 2.290714501158227847e+02 2.395444650045095898e+02 2.182632645153043711e+02 1.972451864019241441e+02 2.188918886918095268e+02 2.951259489800364690e+02 2.359134849246511010e+02 1.944545603111942000e+02 2.321474907100326561e+02 2.338261360364396921e+02 2.157403165671842942e+02 2.198369842324300691e+02 2.174801826971958860e+02 2.362473604954834627e+02 2.337796132115100249e+02 2.234374457219935550e+02 2.244172949491094471e+02 2.232643042477012898e+02 2.255106359030846477e+02 2.371181200879671280e+02 2.306955438852921816e+02 2.556460546925308392e+02
2.442618995211842616e+02 2.523413721461965622e+02 2.337082027234545478e+02 2.384978176008363562e+02 2.482753830391051508e+02 2.400328810639381061e+02 2.515253868060582079e+02 2.306773158083776423e+02 1.956416419999316076e+02 2.296332660065799871e+02 2.359134849246511010e+02 2.980119798640221802e+02 1.779405091800054777e+02 2.360807008853516891e+02 2.459978655034147152e+02 2.270987852953590505e+02 2.313969814572784855e+02 2.291938595956918618e+02 2.471227228500449939e+02 2.446140045245374779e+02 2.318424372959488267e+02 2.331378157720003514e+02 2.331852629651992288e+02 2.376512422436416330e+02 2.500730904488816577e+02 2.395075941536665312e+02 2.653888122606024922e+02
1.772630881575636295e+02 1.837443390698618089e+02 1.774354707499938684e+02 1.720131151178871960e+02 1.840691188076777962e+02 1.819111987804741943e+02 1.959765338814545999e+02 1.821110490621708209e+02 3.684516757820430257e+02 2.606775377443427146e+02 1.944545603111942000e+02 1.779405091800054777e+02 2.125646061371515771e+03 2.831395158292217502e+02 1.766864337798398878e+02 1.703739345086387118e+02 1.714798264514660673e+02 1.726614072164688025e+02 1.894979421860982427e+02 1.816955936288239002e+02 1.814274057723001192e+02 2.255593803684494105e+02 1.845514081107281470e+02 1.847222966878429133e+02 1.961122256235897794e+02 2.344810849495301568e+02 2.328540988658888011e+02
2.241164457772510445e+02 2.325703541752936303e+02 2.258670797238040393e+02 2.251936127998953623e+02 2.273886934608824788e+02 2.271260633962091902e+02 2.364515469585736582e+02 2.055477448790536528e+02 2.375827744836173565e+02 1.861843816813650960e+02 2.321474907100326561e+02 2.360807008853516891e+02 2.831395158292217502e+02 5.788707590441310913e+02 2.348199579402460131e+02 2.021215570386527531e+02 2.163575392522518541e+02 2.104794247283775235e+02 2.444829527583837319e+02 2.431964456736739635e+02 2.544645997129097736e+02 2.279987083237502077e+02 2.282993612987542349e+02 2.157749541882311064e+02 2.200491684543695783e+02 2.397203933143754000e+02 2.767458567834955261e+02
2.418711544957717479e+02 2.501377092928543675e+02 2.326323447130798741e+02 2.369844166887224048e+02 2.453259967770204639e+02 2.383553476614388842e+02 2.492207664350453058e+02 2.279269340950501146e+02 1.932873468286798584e+02 2.246488314208656618e+02 2.338261360364396921e+02 2.459978655034147152e+02 1.766864337798398878e+02 2.348199579402460131e+02 3.064352726993760712e+02 2.253254936540823792e+02 2.296768273225628150e+02 2.262145765278113743e+02 2.451334312945624276e+02 2.428113513611346548e+02 2.318754633795041968e+02 2.320065798398174195e+02 2.307388847778266836e+02 2.344969930675469243e+02 2.476078849855602186e+02 2.357515982749065984e+02 2.648279482189954024e+02
2.357132993373049032e+02 2.464906925254328769e+02 2.294422926236044020e+02 2.335606339921769745e+02 2.371246374168595992e+02 2.358040067649798459e+02 2.383579248456518656e+02 2.404390283086533771e+02 1.935235980998941727e+02 2.847357548437265109e+02 2.157403165671842942e+02 2.270987852953590505e+02 1.703739345086387118e+02 2.021215570386527531e+02 2.253254936540823792e+02 2.875526213584647053e+02 2.249776943812146897e+02 2.240011209909741865e+02 2.200188537305898819e+02 2.208468325290025405e+02 2.032975228179856799e+02 2.515036997102069734e+02 2.137457777664774881e+02 2.350248949893729105e+02 2.492333936533337351e+02 2.240007590802912603e+02 2.250269243601292430e+02
2.330673142410325340e+02 2.426594409507814873e+02 2.266490976038805343e+02 2.303211161421235147e+02 2.352744328338415585e+02 2.320068629060116052e+02 2.374021947274543720e+02 2.286542663426567685e+02 1.895872383757617001e+02 2.479351899305272298e+02 2.198369842324300691e+02 2.313969814572784855e+02 1.714798264514660673e+02 2.163575392522518541e+02 2.296768273225628150e+02 2.249776943812146897e+02 2.818911328081454712e+02 2.202546758593865093e+02 2.274843103106860838e+02 2.277300613963996625e+02 2.157744472193586205e+02 2.367725367966102965e+02 2.179566105625495993e+02 2.295534102961498775e+02 2.411279897519237636e+02 2.247621629748098258e+02 2.387748561266292029e+02
2.322227983815614039e+02 2.405817111772440455e+02 2.239774927083588523e+02 2.279482437232117036e+02 2.342479031502826672e+02 2.308179862505840561e+02 2.361504935757484418e+02 2.289121017364161332e+02 1.882705845524582742e+02 2.536230915008812872e+02 2.174801826971958860e+02 2.291938595956918618e+02 1.726614072164688025e+02 2.104794247283775235e+02 2.262145765278113743e+02 2.240011209909741865e+02 2.202546758593865093e+02 2.729651322443091317e+02 2.251753620221743688e+02 2.242478542947544042e+02 2.090198024965459354e+02 2.349132492593552399e+02 2.154684812154638109e+02 2.288682119598151417e+02 2.425758495808230748e+02 2.237792651100226351e+02 2.363982776898227200e+02
2.397012037419874275e+02 2.484065111035600353e+02 2.321241403966468795e+02 2.354002655332934353e+02 2.434776308753503145e+02 2.371757803667709652e+02 2.488427660542032527e+02 2.230066684514651456e+02 1.987499002870052323e+02 2.112186047251552452e+02 2.362473604954834627e+02 2.471227228500449939e+02 1.894979421860982427e+02 2.444829527583837319e+02 2.451334312945624276e+02 2.200188537305898819e+02 2.274843103106860838e+02 2.251753620221743688e+02 3.455676132715996118e+02 2.456234119897215749e+02 2.376995902863606318e+02 2.288212922239822547e+02 2.332259520775174906e+02 2.326334156744903510e+02 2.424024877461583003e+02 2.379768042176499421e+02 2.707418021042789178e+02
2.383745114763696051e+02 2.470654991006759644e+02 2.326944975581711788e+02 2.355317221889898462e+02 2.417784251936084559e+02 2.370088058651021754e+02 2.469181141224250666e+02 2.230564866342090795e+02 1.964683791298353128e+02 2.129832821714682609e+02 2.337796132115100249e+02 2.446140045245374779e+02 1.816955936288239002e+02 2.431964456736739635e+02 2.428113513611346548e+02 2.208468325290025405e+02 2.277300613963996625e+02 2.242478542947544042e+02 2.456234119897215749e+02 3.304050186181127629e+02 2.396346040975208780e+02 2.308366834877652423e+02 2.312484360913560408e+02 2.308015020320367796e+02 2.401138139150516793e+02 2.353325917306525810e+02 2.667876930582131649e+02
2.218529777265247276e+02 2.306741560007634746e+02 2.286592366478508040e+02 2.265690902278829810e+02 2.228750198778592733e+02 2.294740002325103490e+02 2.326240371723552585e+02 2.053004447813354716e+02 1.908173840166828938e+02 1.716114705064908321e+02 2.234374457219935550e+02 2.318424372959488267e+02 1.814274057723001192e+02 2.544645997129097736e+02 2.318754633795041968e+02 2.032975228179856799e+02 2.157744472193586205e+02 2.090198024965459354e+02 2.376995902863606318e+02 2.396346040975208780e+02 6.728780920210676868e+02 2.260763488687424569e+02 2.217215798877399493e+02 2.116063069846578628e+02 2.123415156999845976e+02 2.190400396726570591e+02 2.589983527938073280e+02
2.449002581047783167e+02 2.587045732902536770e+02 2.475143463810339881e+02 2.491832924414369472e+02 2.445690083187627408e+02 2.538466774614724386e+02 2.462822361613490330e+02 2.581688163799462927e+02 2.299865545191812828e+02 3.181886333001995695e+02 2.244172949491094471e+02 2.331378157720003514e+02 2.255593803684494105e+02 2.279987083237502077e+02 2.320065798398174195e+02 2.515036997102069734e+02 2.367725367966102965e+02 2.349132492593552399e+02 2.288212922239822547e+02 2.308366834877652423e+02 2.260763488687424569e+02 6.464205424788675600e+02 2.228763911897995342e+02 2.442951437139367954e+02 2.574039065004914164e+02 2.355749049240831994e+02 2.302352705038734371e+02
2.291271661287161976e+02 2.369463950025815109e+02 2.211429047481637724e+02 2.246297188801682125e+02 2.325318789590607764e+02 2.264124033784690653e+02 2.367047718731292036e+02 2.162894683882123843e+02 1.911979654491447604e+02 2.186913464603215402e+02 2.232643042477012898e+02 2.331852629651992288e+02 1.845514081107281470e+02 2.282993612987542349e+02 2.307388847778266836e+02 2.137457777664774881e+02 2.179566105625495993e+02 2.154684812154638109e+02 2.332259520775174906e+02 2.312484360913560408e+02 2.217215798877399493e+02 2.228763911897995342e+02 3.096385207186268644e+02 2.228167186701474805e+02 2.348507379063676694e+02 2.281708807177470817e+02 2.528778999303416981e+02
2.409270189319526025e+02 2.511988332769239491e+02 2.316859519924112476e+02 2.360030967395686332e+02 2.445194192295218727e+02 2.382437472373560752e+02 2.459911159993183958e+02 2.393008456571120632e+02 2.009891393655685192e+02 2.702721218274041917e+02 2.255106359030846477e+02 2.376512422436416330e+02 1.847222966878429133e+02 2.157749541882311064e+02 2.344969930675469243e+02 2.350248949893729105e+02 2.295534102961498775e+02 2.288682119598151417e+02 2.326334156744903510e+02 2.308015020320367796e+02 2.116063069846578628e+02 2.442951437139367954e+02 2.228167186701474805e+02 3.696264164192631370e+02 2.556080413764205161e+02 2.349616168628327557e+02 2.430616281323135865e+02
2.552369616998290667e+02 2.645787341779732742e+02 2.415701609963980161e+02 2.473937610339682749e+02 2.592843205455008615e+02 2.498665620309815267e+02 2.590219848476211268e+02 2.539205424035040721e+02 2.142820502387747297e+02 2.953354752032645365e+02 2.371181200879671280e+02 2.500730904488816577e+02 1.961122256235897794e+02 2.200491684543695783e+02 2.476078849855602186e+02 2.492333936533337351e+02 2.411279897519237636e+02 2.425758495808230748e+02 2.424024877461583003e+02 2.401138139150516793e+02 2.123415156999845976e+02 2.574039065004914164e+02 2.348507379063676694e+02 2.556080413764205161e+02 4.425815767606915756e+02 2.482388349659266282e+02 2.538820958700597146e+02
2.374736447043089242e+02 2.449817561871003306e+02 2.268936336430926701e+02 2.307938138496534464e+02 2.416631773156707368e+02 2.332915836607467952e+02 2.448372356454806891e+02 2.272769919170492017e+02 2.227720210029869179e+02 2.472737960595944742e+02 2.306955438852921816e+02 2.395075941536665312e+02 2.344810849495301568e+02 2.397203933143754000e+02 2.357515982749065984e+02 2.240007590802912603e+02 2.247621629748098258e+02 2.237792651100226351e+02 2.379768042176499421e+02 2.353325917306525810e+02 2.190400396726570591e+02 2.355749049240831994e+02 2.281708807177470817e+02 2.349616168628327557e+02 2.482388349659266282e+02 4.536270085838140744e+02 2.596379668687073945e+02
2.528642214312709200e+02 2.600841127759254050e+02 2.424568326664637823e+02 2.458303480604321010e+02 2.607086792609792383e+02 2.482922370501063369e+02 2.654702816525218054e+02 2.271655863195300924e+02 2.272959938085357408e+02 2.018305096264519989e+02 2.556460546925308392e+02 2.653888122606024922e+02 2.328540988658888011e+02 2.767458567834955261e+02 2.648279482189954024e+02 2.250269243601292430e+02 2.387748561266292029e+02 2.363982776898227200e+02 2.707418021042789178e+02 2.667876930582131649e+02 2.589983527938073280e+02 2.302352705038734371e+02 2.528778999303416981e+02 2.430616281323135865e+02 2.538820958700597146e+02 2.596379668687073945e+02 5.952099777334040027e+02
