3.049319117262131726e+02 2.348224101869089679e+02 2.416083818194108801e+02 2.522475337197403462e+02 2.568698023583240229e+02 2.465570987952137898e+02 2.503872084362070609e+02 2.643912204391501746e+02 2.287574350272218737e+02 2.418033584657232780e+02 2.683130219797344580e+02 2.442087115538973876e+02 2.394580381029153386e+02 2.427097924307697951e+02 2.438382055494308815e+02 2.425452259030038533e+02 2.090855905059156896e+02 3.000267479054510318e+02 2.008732992548864615e+02 2.260542876711090798e+02 2.492325738893302116e+02 2.408468767838778319e+02 2.372977421467554962e+02 2.499339147136229258e+02 2.525366897493229033e+02 2.440690388472673362e+02 2.256701568217431202e+02 2.286664530846317405e+02 1.965759392907523591e+02 2.469861704290658224e+02 2.025082303310645386e+02 2.344123934593110619e+02 2.521971127766240102e+02 2.329949672277709283e+02 2.387554072562114129e+02 2.581808449366112654e+02 2.352349322819677582e+02 2.669811051879087245e+02 2.610475026453983105e+02 2.365403663215617485e+02 2.605179547113783656e+02
2.348224101869089679e+02 2.866466283538825337e+02 2.270810722733901912e+02 2.325259301866166766e+02 2.357282651571305507e+02 2.325685949428512345e+02 2.337626035250773384e+02 2.490035116467914804e+02 2.162476628762718747e+02 2.247733984749527849e+02 2.492042675013837822e+02 2.253158668898609278e+02 2.218890709727653814e+02 2.310093220765402862e+02 2.262102470926928106e+02 2.270449358024604294e+02 2.075130174454759526e+02 2.755068136248639803e+02 1.909930094904337352e+02 2.094641188864703736e+02 2.325245887139381580e+02 2.248648705264051841e+02 2.201385912816362520e+02 2.310249193294211807e+02 2.340047980229698510e+02 2.291342353168060129e+02 2.098822105097766837e+02 2.143380625152758796e+02 1.809990136521267061e+02 2.273880956770762509e+02 1.926917894444702597e+02 2.171586052759157610e+02 2.340648834376920320e+02 2.169942870558214452e+02 2.222923429445354202e+02 2.388239707797752942e+02 2.180106347133799716e+02 2.454305562646584917e+02 2.393293224124413143e+02 2.149185973733535491e+02 2.511572222447334468e+02
2.416083818194108801e+02 2.270810722733901912e+02 3.112263787245553885e+02 2.356907461498415444e+02 2.443928000170733696e+02 2.407914403504428549e+02 2.402762452288192208e+02 2.586385023900315900e+02 2.230921615216293787e+02 2.303565023866688080e+02 2.585811941627025590e+02 2.280779072221753268e+02 2.270091121377973309e+02 2.343142068499132620e+02 2.287401411116090344e+02 2.365957123178231427e+02 2.189745406705336563e+02 2.979274377378746976e+02 2.004767910670729520e+02 2.154974249878879959e+02 2.418768843204508414e+02 2.320643252000051859e+02 2.231133793157227956e+02 2.341689919194804475e+02 2.418804661253732604e+02 2.311572798663247568e+02 2.184420048981901914e+02 2.181670397869355043e+02 1.836262800542062905e+02 2.307486523419084676e+02 1.965630951740715204e+02 2.246171815093585451e+02 2.370065321709745660e+02 2.252831856321919304e+02 2.260572106608554748e+02 2.443064090632028638e+02 2.213163524058659561e+02 2.515863583236695433e+02 2.391556004124417996e+02 2.247921394132640103e+02 2.675087560099092343e+02
2.522475337197403462e+02 2.325259301866166766e+02 2.356907461498415444e+02 3.474749603512925091e+02 2.500401932775357352e+02 2.419690088588790218e+02 2.521865285679103010e+02 2.564669346727775974e+02 2.270094490628158042e+02 2.423128762443053006e+02 2.635903776300493178e+02 2.496184391997968248e+02 2.389132429646221567e+02 2.516093077984376123e+02 2.499529340471434296e+02 2.335029732359598142e+02 1.926069690672452452e+02 2.532934398211968414e+02 1.903601778689834418e+02 2.249351109236526156e+02 2.416905728804587739e+02 2.392828113162925376e+02 2.438791844600383172e+02 2.582386668889533325e+02 2.473113951171582414e+02 2.539818602617683894e+02 2.183066737495902032e+02 2.315533327741457015e+02 1.924402588828504292e+02 2.503567443487396247e+02 2.060819089569239395e+02 2.297233353531246678e+02 2.624879688017349508e+02 2.272332772157157308e+02 2.441355960972940125e+02 2.586208505102237041e+02 2.368930111592211460e+02 2.659781273378715696e+02 2.724811830797369794e+02 2.199878049352474534e+02 2.396988709872931338e+02
2.568698023583240229e+02 2.357282651571305507e+02 2.443928000170733696e+02 2.500401932775357352e+02 3.442152186149907038e+02 2.484428702971721066e+02 2.490749275915401597e+02 2.672681664302249942e+02 2.285470288833432164e+02 2.410557369670025309e+02 2.714831866255536852e+02 2.405966126235551883e+02 2.389856792888826078e+02 2.347588616635734979e+02 2.404516823569379937e+02 2.476756697293395177e+02 2.142715199320931561e+02 3.281271735133459515e+02 2.069059751640895684e+02 2.273159000964571987e+02 2.530016984707578160e+02 2.408198669454233993e+02 2.347391213607249654e+02 2.448835306652014481e+02 2.559480715716340740e+02 2.382151462567539113e+02 2.296881018123232820e+02 2.268681203021641863e+02 1.984009533433622323e+02 2.453862348089485295e+02 2.011307795421534763e+02 2.371814082289143926e+02 2.456278157117395153e+02 2.362960939395738365e+02 2.356411258954772734e+02 2.573241835054699322e+02 2.352811538762862824e+02 2.672213462847061578e+02 2.541648750631060523e+02 2.497604950753711819e+02 2.720323926447890130e+02
2.465570987952137898e+02 2.325685949428512345e+02 2.407914403504428549e+02 2.419690088588790218e+02 2.484428702971721066e+02 3.574466346047324805e+02 2.454261770161185154e+02 2.636446086212958448e+02 2.286055947424999317e+02 2.355986086477890069e+02 2.628179374806709916e+02 2.343035558014695141e+02 2.325761787416492723e+02 2.414375765427754743e+02 2.362853468996623576e+02 2.420647020018652427e+02 2.220077555650028103e+02 2.998529338422130763e+02 2.088666376243114939e+02 2.208191259512464626e+02 2.454533133253160315e+02 2.369517518343369602e+02 2.291743211056098062e+02 2.401117164503293395e+02 2.468487184828736360e+02 2.387240256285107023e+02 2.226667631369764138e+02 2.233100686159328063e+02 1.928958243143294737e+02 2.367863664847934331e+02 2.105918890872828229e+02 2.289571674610064917e+02 2.431378181042196047e+02 2.293075242673777154e+02 2.328042552224326016e+02 2.488028165424111933e+02 2.267629337660266629e+02 2.571994364760245162e+02 2.487435855516037293e+02 2.279477923480598065e+02 2.732870369695097565e+02
2.503872084362070609e+02 2.337626035250773384e+02 2.402762452288192208e+02 2.521865285679103010e+02 2.490749275915401597e+02 2.454261770161185154e+02 3.599416077941589833e+02 2.619222197461216979e+02 2.300710492665666038e+02 2.411460919511873442e+02 2.650013898449038265e+02 2.446624674239301100e+02 2.380262465861664225e+02 2.518319191670636599e+02 2.452536804675678184e+02 2.370534446003723872e+02 2.100080092359263233e+02 2.673310836549515557e+02 1.951388549703247861e+02 2.223787391883328439e+02 2.450304360656228653e+02 2.409364794706084467e+02 2.392598473469907958e+02 2.525570247929010463e+02 2.483285348497772418e+02 2.507956698373779432e+02 2.213011917834664075e+02 2.295246858926780931e+02 1.869189838115961493e+02 2.450157511390954994e+02 2.053529704739190720e+02 2.300703853177191434e+02 2.571630113528026413e+02 2.285132695371519276e+02 2.412088177358381813e+02 2.555149980872170090e+02 2.321454169954061797e+02 2.624865605271368736e+02 2.624575581700526072e+02 2.200136221696286043e+02 2.531590202815177122e+02
2.643912204391501746e+02 2.490035116467914804e+02 2.586385023900315900e+02 2.564669346727775974e+02 2.672681664302249942e+02 2.636446086212958448e+02 2.619222197461216979e+02 4.165206953568006725e+02 2.444088497979194017e+02 2.521126560848038594e+02 2.823294896973646360e+02 2.475852194067572896e+02 2.483194684704568544e+02 2.561870155416287389e+02 2.493083000516434424e+02 2.611379518230202734e+02 2.452792524390463313e+02 3.360481027998559398e+02 2.252145181915545891e+02 2.365603240642711285e+02 2.655658421497807922e+02 2.537445185149101974e+02 2.432138933253855839e+02 2.538115547964671634e+02 2.654473328101085485e+02 2.507628718217054882e+02 2.397006241964569710e+02 2.381829825899886259e+02 2.036833987310048428e+02 2.510169439249212644e+02 2.194156507497209248e+02 2.461261958491099620e+02 2.560138128935831219e+02 2.468448448794651711e+02 2.463136407998955804e+02 2.647869520787387501e+02 2.423990792131422722e+02 2.743455963719139845e+02 2.609871335474502416e+02 2.496490962773745537e+02 2.992350346165609380e+02
2.287574350272218737e+02 2.162476628762718747e+02 2.230921615216293787e+02 2.270094490628158042e+02 2.285470288833432164e+02 2.286055947424999317e+02 2.300710492665666038e+02 2.444088497979194017e+02 2.852746802969181772e+02 2.201652106342976083e+02 2.436792163908631323e+02 2.198546887032934478e+02 2.168400801487317437e+02 2.307647203026898239e+02 2.218024531117833931e+02 2.228642194466943351e+02 2.073539234633248611e+02 2.627062790457725328e+02 1.939268569693351765e+02 2.056926112028453133e+02 2.272014653164397089e+02 2.209563228914558977e+02 2.161714106065223575e+02 2.264569975022298252e+02 2.280314175732543447e+02 2.263139294859425092e+02 2.051504826969160717e+02 2.097432357028762624e+02 1.798752204198597440e+02 2.218307554998307296e+02 1.990933564842073906e+02 2.118362449518655524e+02 2.314982811408291923e+02 2.118653125755366489e+02 2.199774257108420841e+02 2.322185331122570915e+02 2.133759865706162202e+02 2.389929025059140315e+02 2.355947447335185529e+02 2.049517747343189171e+02 2.498690933134964212e+02
2.418033584657232780e+02 2.247733984749527849e+02 2.303565023866688080e+02 2.423128762443053006e+02 2.410557369670025309e+02 2.355986086477890069e+02 2.411460919511873442e+02 2.521126560848038594e+02 2.201652106342976083e+02 3.054255438622348606e+02 2.551366054945937378e+02 2.345910715581426302e+02 2.283269711934200075e+02 2.405077730228219650e+02 2.361491422164837104e+02 2.296991845210566510e+02 2.016829354972090016e+02 2.621426494173978767e+02 1.910414862850927022e+02 2.149717587648847825e+02 2.360349465973498013e+02 2.311909520665373634e+02 2.301762884810268872e+02 2.428068579734732566e+02 2.392288045627873032e+02 2.396458738907860493e+02 2.135267445888867996e+02 2.210568732181191649e+02 1.841720217782695102e+02 2.368900069020021419e+02 1.991104076816638155e+02 2.219537236461162877e+02 2.470880678617653246e+02 2.211780227427250338e+02 2.309950727021258388e+02 2.467703490468590815e+02 2.260607476100315125e+02 2.538244129204728949e+02 2.539683434577306400e+02 2.147750646965106966e+02 2.447672571403551842e+02
2.683130219797344580e+02 2.492042675013837822e+02 2.585811941627025590e+02 2.635903776300493178e+02 2.714831866255536852e+02 2.628179374806709916e+02 2.650013898449038265e+02 2.823294896973646360e+02 2.436792163908631323e+02 2.551366054945937378e+02 3.693118239416137953e+02 2.539167518738916840e+02 2.514978788589600356e+02 2.567856071136345122e+02 2.550654283385928522e+02 2.586438344797355740e+02 2.285876275835699118e+02 3.244090058122589539e+02 2.159417325738310467e+02 2.381356101530832348e+02 2.652188342478750087e+02 2.551862698980663993e+02 2.484143599937701197e+02 2.614897817911852371e+02 2.677628875010788079e+02 2.565324284232027026e+02 2.401466882433080627e+02 2.413822906502936974e+02 2.017102224871516114e+02 2.583330850439550090e+02 2.100564365227899657e+02 2.476937177086774398e+02 2.640003780661013479e+02 2.472397297602384754e+02 2.503163166707163043e+02 2.705494195925104464e+02 2.469379013983734126e+02 2.809331601758393049e+02 2.693519663922468226e+02 2.504351067330132423e+02 2.840187291918459778e+02
2.442087115538973876e+02 2.253158668898609278e+02 2.280779072221753268e+02 2.496184391997968248e+02 2.405966126235551883e+02 2.343035558014695141e+02 2.446624674239301100e+02 2.475852194067572896e+02 2.198546887032934478e+02 2.345910715581426302e+02 2.539167518738916840e+02 4.193769900374600184e+02 2.315022218677888191e+02 2.480897357102761305e+02 2.439259146642569647e+02 2.248639939191741917e+02 1.868268191166169743e+02 2.357836208350057348e+02 1.844679511280999975e+02 2.185401452834995553e+02 2.333193369289909356e+02 2.320817087865568169e+02 2.378427909358952093e+02 2.523516082488687289e+02 2.389089530370872012e+02 2.485567312253051000e+02 2.104288889119645489e+02 2.258326309386461332e+02 1.886818087490529479e+02 2.429661223208732963e+02 2.083608508007050091e+02 2.212591540502740486e+02 2.570164684653790914e+02 2.189978705575862534e+02 2.389431915066545002e+02 2.516297419213797752e+02 2.313255695531973117e+02 2.581744928596626778e+02 2.681275936613051272e+02 2.097432138793623722e+02 2.285488316019581987e+02
2.394580381029153386e+02 2.218890709727653814e+02 2.270091121377973309e+02 2.389132429646221567e+02 2.389856792888826078e+02 2.325761787416492723e+02 2.380262465861664225e+02 2.483194684704568544e+02 2.168400801487317437e+02 2.283269711934200075e+02 2.514978788589600356e+02 2.315022218677888191e+02 3.764747826379697244e+02 2.345933169859876557e+02 2.314907266934042411e+02 2.259636470235248282e+02 1.960875319852198402e+02 2.669208414627139518e+02 1.876532593256842745e+02 2.128338806698440351e+02 2.332911433898156588e+02 2.276452617756202699e+02 2.256775813011421121e+02 2.380228246449069331e+02 2.365301999142041609e+02 2.350352484572085814e+02 2.106541020315227968e+02 2.179704800776281104e+02 1.820766361290037025e+02 2.332113963373319052e+02 1.929208665003279748e+02 2.195033617267402803e+02 2.418915524362340363e+02 2.181200762342590167e+02 2.268068913857183020e+02 2.437516909298276744e+02 2.211400846287932609e+02 2.506800681192421223e+02 2.501103997978349582e+02 2.164194804357597377e+02 2.414802937550061870e+02
2.427097924307697951e+02 2.310093220765402862e+02 2.343142068499132620e+02 2.516093077984376123e+02 2.347588616635734979e+02 2.414375765427754743e+02 2.518319191670636599e+02 2.561870155416287389e+02 2.307647203026898239e+02 2.405077730228219650e+02 2.567856071136345122e+02 2.480897357102761305e+02 2.345933169859876557e+02 6.964402907851384725e+02 2.523472891265208773e+02 2.308509747221830253e+02 2.055340243148135357e+02 2.030405882002643523e+02 1.961036803419334262e+02 2.222319788394486579e+02 2.357453404239065833e+02 2.375931892570739592e+02 2.447765184612770497e+02 2.616504619485497756e+02 2.375167030710014444e+02 2.638308927531782615e+02 2.108719565113734973e+02 2.330616473249512808e+02 2.005396058839050681e+02 2.450081157135230399e+02 2.372923356965173127e+02 2.223179411151319584e+02 2.703534931165804664e+02 2.197062339432385727e+02 2.490298777717711118e+02 2.521558980047565797e+02 2.400869816598477939e+02 2.585842602073451530e+02 2.758019112984670755e+02 1.918639752224036670e+02 2.424163459980436244e+02
2.438382055494308815e+02 2.262102470926928106e+02 2.287401411116090344e+02 2.499529340471434296e+02 2.404516823569379937e+02 2.362853468996623576e+02 2.452536804675678184e+02 2.493083000516434424e+02 2.218024531117833931e+02 2.361491422164837104e+02 2.550654283385928522e+02 2.439259146642569647e+02 2.314907266934042411e+02 2.523472891265208773e+02 3.493545644693829786e+02 2.264667644966312992e+02 1.907061137712068160e+02 2.355185350853663806e+02 1.887897096157489329e+02 2.196808832850978206e+02 2.338044983479707639e+02 2.326309861814266355e+02 2.381655175133120395e+02 2.528431512338288201e+02 2.389448996231442095e+02 2.506539923447064950e+02 2.103509849296940502e+02 2.260494029195836845e+02 1.967323763923587308e+02 2.434555178328254499e+02 2.142132896931701396e+02 2.223490810175391346e+02 2.578892900843653138e+02 2.192969899109177163e+02 2.400294928312213472e+02 2.521280028713118497e+02 2.327256634967084494e+02 2.567622259725023923e+02 2.680760487326829775e+02 2.076560375452505127e+02 2.333958422542540347e+02
2.425452259030038533e+02 2.270449358024604294e+02 2.365957123178231427e+02 2.335029732359598142e+02 2.476756697293395177e+02 2.420647020018652427e+02 2.370534446003723872e+02 2.611379518230202734e+02 2.228642194466943351e+02 2.296991845210566510e+02 2.586438344797355740e+02 2.248639939191741917e+02 2.259636470235248282e+02 2.308509747221830253e+02 2.264667644966312992e+02 6.322723370676136483e+02 2.208208030226664107e+02 3.300314744744102882e+02 2.232794906485697197e+02 2.182145000873329934e+02 2.421864305498480405e+02 2.306031461686992827e+02 2.210098136997054894e+02 2.288728115549982363e+02 2.430236316326415249e+02 2.256453646039427383e+02 2.206668128711520183e+02 2.157733865545734773e+02 2.151650181450545745e+02 2.309405301390609679e+02 2.176653130454108975e+02 2.258506975891340858e+02 2.311796557919358861e+02 2.269037831046666156e+02 2.243187797477155243e+02 2.422667698039571178e+02 2.258579188025438214e+02 2.525328229880856554e+02 2.353686512191275426e+02 2.344686443344364477e+02 2.874288955637163667e+02
2.090855905059156896e+02 2.075130174454759526e+02 2.189745406705336563e+02 1.926069690672452452e+02 2.142715199320931561e+02 2.220077555650028103e+02 2.100080092359263233e+02 2.452792524390463313e+02 2.073539234633248611e+02 2.016829354972090016e+02 2.285876275835699118e+02 1.868268191166169743e+02 1.960875319852198402e+02 2.055340243148135357e+02 1.907061137712068160e+02 2.208208030226664107e+02 9.841426078207362025e+02 3.216523421276376666e+02 2.112036712456504972e+02 1.915564075614459512e+02 2.227081337779951582e+02 2.055690129337463077e+02 1.849974083393073556e+02 1.898379321864030373e+02 2.156002228232544553e+02 1.914291951157782705e+02 2.022374054325464670e+02 1.898776502112598621e+02 1.705211210172070082e+02 1.911767040027839357e+02 1.849134966493065804e+02 2.007928483623857119e+02 1.907342013872022051e+02 2.073968136663736175e+02 1.887561103523035797e+02 2.082817818011642998e+02 1.860798247279011548e+02 2.107015056685273748e+02 1.877730391754393793e+02 2.074663900862523178e+02 2.896912910379097070e+02
3.000267479054510318e+02 2.755068136248639803e+02 2.979274377378746976e+02 2.532934398211968414e+02 3.281271735133459515e+02 2.998529338422130763e+02 2.673310836549515557e+02 3.360481027998559398e+02 2.627062790457725328e+02 2.621426494173978767e+02 3.244090058122589539e+02 2.357836208350057348e+02 2.669208414627139518e+02 2.030405882002643523e+02 2.355185350853663806e+02 3.300314744744102882e+02 3.216523421276376666e+02 1.319157728016384681e+03 3.145441663708590454e+02 2.680866901879339821e+02 3.185525430051592366e+02 2.734288566778216705e+02 2.309275645997643380e+02 2.246236249169282644e+02 3.106576347833468503e+02 2.119130136944588685e+02 2.961603942053951641e+02 2.383703048447074195e+02 2.774600402701362896e+02 2.565344586975688230e+02 2.289504811460608948e+02 2.865203647427344436e+02 2.133689582895513581e+02 2.938149925794812702e+02 2.365960063966761879e+02 2.795542529791195534e+02 2.592086579869302341e+02 2.988243735275903532e+02 2.249670579819375860e+02 3.717964473636957905e+02 4.293850006185570010e+02
2.008732992548864615e+02 1.909930094904337352e+02 2.004767910670729520e+02 1.903601778689834418e+02 2.069059751640895684e+02 2.088666376243114939e+02 1.951388549703247861e+02 2.252145181915545891e+02 1.939268569693351765e+02 1.910414862850927022e+02 2.159417325738310467e+02 1.844679511280999975e+02 1.876532593256842745e+02 1.961036803419334262e+02 1.887897096157489329e+02 2.232794906485697197e+02 2.112036712456504972e+02 3.145441663708590454e+02 9.167589982973448741e+02 1.973371369007299450e+02 2.051850872773543983e+02 1.952798471032924681e+02 1.870267286017099480e+02 1.846013236137006288e+02 2.026850327846497635e+02 1.908710308085914562e+02 1.861977712855660059e+02 1.813025259497811703e+02 2.897850611219851658e+02 1.921901010654528363e+02 2.856984255272369637e+02 1.883737384058552209e+02 1.898377797844147779e+02 1.906317663580038300e+02 1.948682357953368864e+02 2.000027162738311404e+02 2.130517314180802373e+02 2.071583684289251437e+02 2.049596993239390486e+02 2.044149270235287190e+02 2.857781998337188156e+02
2.260542876711090798e+02 2.094641188864703736e+02 2.154974249878879959e+02 2.249351109236526156e+02 2.273159000964571987e+02 2.208191259512464626e+02 2.223787391883328439e+02 2.365603240642711285e+02 2.056926112028453133e+02 2.149717587648847825e+02 2.381356101530832348e+02 2.185401452834995553e+02 2.128338806698440351e+02 2.222319788394486579e+02 2.196808832850978206e+02 2.182145000873329934e+02 1.915564075614459512e+02 2.680866901879339821e+02 1.973371369007299450e+02 3.632225467199964442e+02 2.217934158512391889e+02 2.156888370737124774e+02 2.142655600036782175e+02 2.221647228434058547e+02 2.250197162386374714e+02 2.201022996445696833e+02 2.002195840666583422e+02 2.045604664193257349e+02 2.029717933087879942e+02 2.207184479739206893e+02 2.126944366063295320e+02 2.083707281656748194e+02 2.258988996581516062e+02 2.076655317730145214e+02 2.157520012020762010e+02 2.292849774864728261e+02 2.169426006247864223e+02 2.374639974005115448e+02 2.361793080901191217e+02 2.102776515979435317e+02 2.384199867422772741e+02
2.492325738893302116e+02 2.325245887139381580e+02 2.418768843204508414e+02 2.416905728804587739e+02 2.530016984707578160e+02 2.454533133253160315e+02 2.450304360656228653e+02 2.655658421497807922e+02 2.272014653164397089e+02 2.360349465973498013e+02 2.652188342478750087e+02 2.333193369289909356e+02 2.332911433898156588e+02 2.357453404239065833e+02 2.338044983479707639e+02 2.421864305498480405e+02 2.227081337779951582e+02 3.185525430051592366e+02 2.051850872773543983e+02 2.217934158512391889e+02 3.068614226122220998e+02 2.370318841480177241e+02 2.277249820051514462e+02 2.380649013386058641e+02 2.496660123428863187e+02 2.349793898048989433e+02 2.253835969632175420e+02 2.230163308999321714e+02 1.895004421260191521e+02 2.377159271502521847e+02 1.971811313449801446e+02 2.313868399993089611e+02 2.394758890832431746e+02 2.315190599918437044e+02 2.303243907632028993e+02 2.504588164732132896e+02 2.278525697301277262e+02 2.593718148047106524e+02 2.444306643987723078e+02 2.378769085623013950e+02 2.752155378204889757e+02
2.408468767838778319e+02 2.248648705264051841e+02 2.320643252000051859e+02 2.392828113162925376e+02 2.408198669454233993e+02 2.369517518343369602e+02 2.409364794706084467e+02 2.537445185149101974e+02 2.209563228914558977e+02 2.311909520665373634e+02 2.551862698980663993e+02 2.320817087865568169e+02 2.276452617756202699e+02 2.375931892570739592e+02 2.326309861814266355e+02 2.306031461686992827e+02 2.055690129337463077e+02 2.734288566778216705e+02 1.952798471032924681e+02 2.156888370737124774e+02 2.370318841480177241e+02 3.214006834614566515e+02 2.274333432120773466e+02 2.392671304035584114e+02 2.390336385579785485e+02 2.373601018017245963e+02 2.145714101069438300e+02 2.199439731411866035e+02 1.869866436494747006e+02 2.342971068725057364e+02 2.025991871827175999e+02 2.215567861844046149e+02 2.424559536460389211e+02 2.216954790231659445e+02 2.292162813711172191e+02 2.449800286506110183e+02 2.257488220751722565e+02 2.528520845846040288e+02 2.483151585111928341e+02 2.171786786674670111e+02 2.517622899263504905e+02
2.372977421467554962e+02 2.201385912816362520e+02 2.231133793157227956e+02 2.438791844600383172e+02 2.347391213607249654e+02 2.291743211056098062e+02 2.392598473469907958e+02 2.432138933253855839e+02 2.161714106065223575e+02 2.301762884810268872e+02 2.484143599937701197e+02 2.378427909358952093e+02 2.256775813011421121e+02 2.447765184612770497e+02 2.381655175133120395e+02 2.210098136997054894e+02 1.849974083393073556e+02 2.309275645997643380e+02 1.870267286017099480e+02 2.142655600036782175e+02 2.277249820051514462e+02 2.274333432120773466e+02 3.132027023188457520e+02 2.467061857887015321e+02 2.325462895419705376e+02 2.440044053270738118e+02 2.050288203195044900e+02 2.208501071408541065e+02 1.963051502701684115e+02 2.374850532625690107e+02 2.128713590611085635e+02 2.163461831843567893e+02 2.518667946571189020e+02 2.136775180626663939e+02 2.336453977301826797e+02 2.451718041874162282e+02 2.282238608658921635e+02 2.519734040382398632e+02 2.620658082451747646e+02 2.026330775387937138e+02 2.275609207364591953e+02
2.499339147136229258e+02 2.310249193294211807e+02 2.341689919194804475e+02 2.582386668889533325e+02 2.448835306652014481e+02 2.401117164503293395e+02 2.525570247929010463e+02 2.538115547964671634e+02 2.264569975022298252e+02 2.428068579734732566e+02 2.614897817911852371e+02 2.523516082488687289e+02 2.380228246449069331e+02 2.616504619485497756e+02 2.528431512338288201e+02 2.288728115549982363e+02 1.898379321864030373e+02 2.246236249169282644e+02 1.846013236137006288e+02 2.221647228434058547e+02 2.380649013386058641e+02 2.392671304035584114e+02 2.467061857887015321e+02 3.686514202005431571e+02 2.442433473972824345e+02 2.598883729758418326e+02 2.142813860449385857e+02 2.327120499264750038e+02 1.923498329432724745e+02 2.507662499709028339e+02 2.129167433263579312e+02 2.270125840955479362e+02 2.690363984843347680e+02 2.236658286562302465e+02 2.473772856906682875e+02 2.598509244677809420e+02 2.380115685358866244e+02 2.651464571016014133e+02 2.787129872143288480e+02 2.071574711514587364e+02 2.281924843649411798e+02
2.525366897493229033e+02 2.340047980229698510e+02 2.418804661253732604e+02 2.473113951171582414e+02 2.559480715716340740e+02 2.468487184828736360e+02 2.483285348497772418e+02 2.654473328101085485e+02 2.280314175732543447e+02 2.392288045627873032e+02 2.677628875010788079e+02 2.389089530370872012e+02 2.365301999142041609e+02 2.375167030710014444e+02 2.389448996231442095e+02 2.430236316326415249e+02 2.156002228232544553e+02 3.106576347833468503e+02 2.026850327846497635e+02 2.250197162386374714e+02 2.496660123428863187e+02 2.390336385579785485e+02 2.325462895419705376e+02 2.442433473972824345e+02 3.090971512159860026e+02 2.391298808986074107e+02 2.260176998102991774e+02 2.253454705883815450e+02 1.908697974123934102e+02 2.424964559451435093e+02 2.006378151492948803e+02 2.335062985417045809e+02 2.459384965955494238e+02 2.325420895498776872e+02 2.344243879403687743e+02 2.542862804017572955e+02 2.308250354742326351e+02 2.639359246454825438e+02 2.528533346112815536e+02 2.378761551874951579e+02 2.681864708242615620e+02
2.440690388472673362e+02 2.291342353168060129e+02 2.311572798663247568e+02 2.539818602617683894e+02 2.382151462567539113e+02 2.387240256285107023e+02 2.507956698373779432e+02 2.507628718217054882e+02 2.263139294859425092e+02 2.396458738907860493e+02 2.565324284232027026e+02 2.485567312253051000e+02 2.350352484572085814e+02 2.638308927531782615e+02 2.506539923447064950e+02 2.256453646039427383e+02 1.914291951157782705e+02 2.119130136944588685e+02 1.908710308085914562e+02 2.201022996445696833e+02 2.349793898048989433e+02 2.373601018017245963e+02 2.440044053270738118e+02 2.598883729758418326e+02 2.391298808986074107e+02 3.737685136872827343e+02 2.100421395890540168e+02 2.311771606229097813e+02 1.953324771249846776e+02 2.474698202273004881e+02 2.226891101541291675e+02 2.230084020932919202e+02 2.674812936991276047e+02 2.197479976530180750e+02 2.459206737882465177e+02 2.557394987476252766e+02 2.369334239852705934e+02 2.599326533179880698e+02 2.749827422801887451e+02 1.980303644520422210e+02 2.304501787397460646e+02
2.256701568217431202e+02 2.098822105097766837e+02 2.184420048981901914e+02 2.183066737495902032e+02 2.296881018123232820e+02 2.226667631369764138e+02 2.213011917834664075e+02 2.397006241964569710e+02 2.051504826969160717e+02 2.135267445888867996e+02 2.401466882433080627e+02 2.104288889119645489e+02 2.106541020315227968e+02 2.108719565113734973e+02 2.103509849296940502e+02 2.206668128711520183e+02 2.022374054325464670e+02 2.961603942053951641e+02 1.861977712855660059e+02 2.002195840666583422e+02 2.253835969632175420e+02 2.145714101069438300e+02 2.050288203195044900e+02 2.142813860449385857e+02 2.260176998102991774e+02 2.100421395890540168e+02 2.626737990870739168e+02 2.012110550135228380e+02 1.744240098654146323e+02 2.145741538608516237e+02 1.781419810114703353e+02 2.093857184214446363e+02 2.155274654479937055e+02 2.100545641276856941e+02 2.077366814033678111e+02 2.263152970219120164e+02 2.062768906669339231e+02 2.333994856940432214e+02 2.213704649384864638e+02 2.182977987809411786e+02 2.497391353313201137e+02
2.286664530846317405e+02 2.143380625152758796e+02 2.181670397869355043e+02 2.315533327741457015e+02 2.268681203021641863e+02 2.233100686159328063e+02 2.295246858926780931e+02 2.381829825899886259e+02 2.097432357028762624e+02 2.210568732181191649e+02 2.413822906502936974e+02 2.258326309386461332e+02 2.179704800776281104e+02 2.330616473249512808e+02 2.260494029195836845e+02 2.157733865545734773e+02 1.898776502112598621e+02 2.383703048447074195e+02 1.813025259497811703e+02 2.045604664193257349e+02 2.230163308999321714e+02 2.199439731411866035e+02 2.208501071408541065e+02 2.327120499264750038e+02 2.253454705883815450e+02 2.311771606229097813e+02 2.012110550135228380e+02 2.841762533374279087e+02 1.758129230731574637e+02 2.261442541023999979e+02 1.945334369794636018e+02 2.098517102464485617e+02 2.376872918084338835e+02 2.082436501033131719e+02 2.215303243309723200e+02 2.350412320015604735e+02 2.158604349898068904e+02 2.403434091284196938e+02 2.442911014037133555e+02 2.000057613077729854e+02 2.295668754955842985e+02
1.965759392907523591e+02 1.809990136521267061e+02 1.836262800542062905e+02 1.924402588828504292e+02 1.984009533433622323e+02 1.928958243143294737e+02 1.869189838115961493e+02 2.036833987310048428e+02 1.798752204198597440e+02 1.841720217782695102e+02 2.017102224871516114e+02 1.886818087490529479e+02 1.820766361290037025e+02 2.005396058839050681e+02 1.967323763923587308e+02 2.151650181450545745e+02 1.705211210172070082e+02 2.774600402701362896e+02 2.897850611219851658e+02 2.029717933087879942e+02 1.895004421260191521e+02 1.869866436494747006e+02 1.963051502701684115e+02 1.923498329432724745e+02 1.908697974123934102e+02 1.953324771249846776e+02 1.744240098654146323e+02 1.758129230731574637e+02 1.214242739483051309e+03 1.994463222475069699e+02 3.725839757922972808e+02 1.787011075811028320e+02 1.965002672841830531e+02 1.801955843697602688e+02 2.041800154638521008e+02 1.975183032280334317e+02 2.331339402382287176e+02 2.058032962841490701e+02 2.270551203186819578e+02 1.905616527761248449e+02 2.503321620084695951e+02
2.469861704290658224e+02 2.273880956770762509e+02 2.307486523419084676e+02 2.503567443487396247e+02 2.453862348089485295e+02 2.367863664847934331e+02 2.450157511390954994e+02 2.510169439249212644e+02 2.218307554998307296e+02 2.368900069020021419e+02 2.583330850439550090e+02 2.429661223208732963e+02 2.332113963373319052e+02 2.450081157135230399e+02 2.434555178328254499e+02 2.309405301390609679e+02 1.911767040027839357e+02 2.565344586975688230e+02 1.921901010654528363e+02 2.207184479739206893e+02 2.377159271502521847e+02 2.342971068725057364e+02 2.374850532625690107e+02 2.507662499709028339e+02 2.424964559451435093e+02 2.474698202273004881e+02 2.145741538608516237e+02 2.261442541023999979e+02 1.994463222475069699e+02 3.378331261304188615e+02 2.119223298126153168e+02 2.256613841582727957e+02 2.553772079861726070e+02 2.232043507173788157e+02 2.383867170346984778e+02 2.532143277675801869e+02 2.342744627400388140e+02 2.603261546224642871e+02 2.649275030605214738e+02 2.188256327880970105e+02 2.380936776328198050e+02
2.025082303310645386e+02 1.926917894444702597e+02 1.965630951740715204e+02 2.060819089569239395e+02 2.011307795421534763e+02 2.105918890872828229e+02 2.053529704739190720e+02 2.194156507497209248e+02 1.990933564842073906e+02 1.991104076816638155e+02 2.100564365227899657e+02 2.083608508007050091e+02 1.929208665003279748e+02 2.372923356965173127e+02 2.142132896931701396e+02 2.176653130454108975e+02 1.849134966493065804e+02 2.289504811460608948e+02 2.856984255272369637e+02 2.126944366063295320e+02 1.971811313449801446e+02 2.025991871827175999e+02 2.128713590611085635e+02 2.129167433263579312e+02 2.006378151492948803e+02 2.226891101541291675e+02 1.781419810114703353e+02 1.945334369794636018e+02 3.725839757922972808e+02 2.119223298126153168e+02 1.269527325432432917e+03 1.865062639059753735e+02 2.202390041403338330e+02 1.855081291459729300e+02 2.249757103641749438e+02 2.114220915145014885e+02 2.423313471521742599e+02 2.188017347290516170e+02 2.490537344094906018e+02 1.752897892911671818e+02 2.591264627837400667e+02
2.344123934593110619e+02 2.171586052759157610e+02 2.246171815093585451e+02 2.297233353531246678e+02 2.371814082289143926e+02 2.289571674610064917e+02 2.300703853177191434e+02 2.461261958491099620e+02 2.118362449518655524e+02 2.219537236461162877e+02 2.476937177086774398e+02 2.212591540502740486e+02 2.195033617267402803e+02 2.223179411151319584e+02 2.223490810175391346e+02 2.258506975891340858e+02 2.007928483623857119e+02 2.865203647427344436e+02 1.883737384058552209e+02 2.083707281656748194e+02 2.313868399993089611e+02 2.215567861844046149e+02 2.163461831843567893e+02 2.270125840955479362e+02 2.335062985417045809e+02 2.230084020932919202e+02 2.093857184214446363e+02 2.098517102464485617e+02 1.787011075811028320e+02 2.256613841582727957e+02 1.865062639059753735e+02 2.701478327895665643e+02 2.283205621115125439e+02 2.159335551892524450e+02 2.183596585019373890e+02 2.366699394875842870e+02 2.153753757571434448e+02 2.439184565870260428e+02 2.356237060292486944e+02 2.208777799343560559e+02 2.492026977639629024e+02
2.521971127766240102e+02 2.340648834376920320e+02 2.370065321709745660e+02 2.624879688017349508e+02 2.456278157117395153e+02 2.431378181042196047e+02 2.571630113528026413e+02 2.560138128935831219e+02 2.314982811408291923e+02 2.470880678617653246e+02 2.640003780661013479e+02 2.570164684653790914e+02 2.418915524362340363e+02 2.703534931165804664e+02 2.578892900843653138e+02 2.311796557919358861e+02 1.907342013872022051e+02 2.133689582895513581e+02 1.898377797844147779e+02 2.258988996581516062e+02 2.394758890832431746e+02 2.424559536460389211e+02 2.518667946571189020e+02 2.690363984843347680e+02 2.459384965955494238e+02 2.674812936991276047e+02 2.155274654479937055e+02 2.376872918084338835e+02 1.965002672841830531e+02 2.553772079861726070e+02 2.202390041403338330e+02 2.283205621115125439e+02 3.550580518171838662e+02 2.248112277473831284e+02 2.530815675597416714e+02 2.625743533001814285e+02 2.424105429684387332e+02 2.679144264329491421e+02 2.852140245422823455e+02 2.039298213564519813e+02 2.291010295712306686e+02
2.329949672277709283e+02 2.169942870558214452e+02 2.252831856321919304e+02 2.272332772157157308e+02 2.362960939395738365e+02 2.293075242673777154e+02 2.285132695371519276e+02 2.468448448794651711e+02 2.118653125755366489e+02 2.211780227427250338e+02 2.472397297602384754e+02 2.189978705575862534e+02 2.181200762342590167e+02 2.197062339432385727e+02 2.192969899109177163e+02 2.269037831046666156e+02 2.073968136663736175e+02 2.938149925794812702e+02 1.906317663580038300e+02 2.076655317730145214e+02 2.315190599918437044e+02 2.216954790231659445e+02 2.136775180626663939e+02 2.236658286562302465e+02 2.325420895498776872e+02 2.197479976530180750e+02 2.100545641276856941e+02 2.082436501033131719e+02 1.801955843697602688e+02 2.232043507173788157e+02 1.855081291459729300e+02 2.159335551892524450e+02 2.248112277473831284e+02 2.954701743771372549e+02 2.163362481764776533e+02 2.345705631383945331e+02 2.134286681824890479e+02 2.424300735157973463e+02 2.314858035607994964e+02 2.226188072708100947e+02 2.527557704208673215e+02
2.387554072562114129e+02 2.222923429445354202e+02 2.260572106608554748e+02 2.441355960972940125e+02 2.356411258954772734e+02 2.328042552224326016e+02 2.412088177358381813e+02 2.463136407998955804e+02 2.199774257108420841e+02 2.309950727021258388e+02 2.503163166707163043e+02 2.389431915066545002e+02 2.268068913857183020e+02 2.490298777717711118e+02 2.400294928312213472e+02 2.243187797477155243e+02 1.887561103523035797e+02 2.365960063966761879e+02 1.948682357953368864e+02 2.157520012020762010e+02 2.303243907632028993e+02 2.292162813711172191e+02 2.336453977301826797e+02 2.473772856906682875e+02 2.344243879403687743e+02 2.459206737882465177e+02 2.077366814033678111e+02 2.215303243309723200e+02 2.041800154638521008e+02 2.383867170346984778e+02 2.249757103641749438e+02 2.183596585019373890e+02 2.530815675597416714e+02 2.163362481764776533e+02 3.676243537256431750e+02 2.459442057683869791e+02 2.315300024474252893e+02 2.524777593827617750e+02 2.627093813808522214e+02 2.023829600023416901e+02 2.361221113950657582e+02
2.581808449366112654e+02 2.388239707797752942e+02 2.443064090632028638e+02 2.586208505102237041e+02 2.573241835054699322e+02 2.488028165424111933e+02 2.555149980872170090e+02 2.647869520787387501e+02 2.322185331122570915e+02 2.467703490468590815e+02 2.705494195925104464e+02 2.516297419213797752e+02 2.437516909298276744e+02 2.521558980047565797e+02 2.521280028713118497e+02 2.422667698039571178e+02 2.082817818011642998e+02 2.795542529791195534e+02 2.000027162738311404e+02 2.292849774864728261e+02 2.504588164732132896e+02 2.449800286506110183e+02 2.451718041874162282e+02 2.598509244677809420e+02 2.542862804017572955e+02 2.557394987476252766e+02 2.263152970219120164e+02 2.350412320015604735e+02 1.975183032280334317e+02 2.532143277675801869e+02 2.114220915145014885e+02 2.366699394875842870e+02 2.625743533001814285e+02 2.345705631383945331e+02 2.459442057683869791e+02 3.629783111935665261e+02 2.416332258587987383e+02 2.720796866502612943e+02 2.711462347578184335e+02 2.310633123031530829e+02 2.544860945967299131e+02
2.352349322819677582e+02 2.180106347133799716e+02 2.213163524058659561e+02 2.368930111592211460e+02 2.352811538762862824e+02 2.267629337660266629e+02 2.321454169954061797e+02 2.423990792131422722e+02 2.133759865706162202e+02 2.260607476100315125e+02 2.469379013983734126e+02 2.313255695531973117e+02 2.211400846287932609e+02 2.400869816598477939e+02 2.327256634967084494e+02 2.258579188025438214e+02 1.860798247279011548e+02 2.592086579869302341e+02 2.130517314180802373e+02 2.169426006247864223e+02 2.278525697301277262e+02 2.257488220751722565e+02 2.282238608658921635e+02 2.380115685358866244e+02 2.308250354742326351e+02 2.369334239852705934e+02 2.062768906669339231e+02 2.158604349898068904e+02 2.331339402382287176e+02 2.342744627400388140e+02 2.423313471521742599e+02 2.153753757571434448e+02 2.424105429684387332e+02 2.134286681824890479e+02 2.315300024474252893e+02 2.416332258587987383e+02 4.794898868754179944e+02 2.497793037440868886e+02 2.559233612941839340e+02 2.108550430860382221e+02 2.431631950174466965e+02
2.669811051879087245e+02 2.454305562646584917e+02 2.515863583236695433e+02 2.659781273378715696e+02 2.672213462847061578e+02 2.571994364760245162e+02 2.624865605271368736e+02 2.743455963719139845e+02 2.389929025059140315e+02 2.538244129204728949e+02 2.809331601758393049e+02 2.581744928596626778e+02 2.506800681192421223e+02 2.585842602073451530e+02 2.567622259725023923e+02 2.525328229880856554e+02 2.107015056685273748e+02 2.988243735275903532e+02 2.071583684289251437e+02 2.374639974005115448e+02 2.593718148047106524e+02 2.528520845846040288e+02 2.519734040382398632e+02 2.651464571016014133e+02 2.639359246454825438e+02 2.599326533179880698e+02 2.333994856940432214e+02 2.403434091284196938e+02 2.058032962841490701e+02 2.603261546224642871e+02 2.188017347290516170e+02 2.439184565870260428e+02 2.679144264329491421e+02 2.424300735157973463e+02 2.524777593827617750e+02 2.720796866502612943e+02 2.497793037440868886e+02 4.042560296837462488e+02 2.782489210081330384e+02 2.438791558042579766e+02 2.658901506885060826e+02
2.610475026453983105e+02 2.393293224124413143e+02 2.391556004124417996e+02 2.724811830797369794e+02 2.541648750631060523e+02 2.487435855516037293e+02 2.624575581700526072e+02 2.609871335474502416e+02 2.355947447335185529e+02 2.539683434577306400e+02 2.693519663922468226e+02 2.681275936613051272e+02 2.501103997978349582e+02 2.758019112984670755e+02 2.680760487326829775e+02 2.353686512191275426e+02 1.877730391754393793e+02 2.249670579819375860e+02 2.049596993239390486e+02 2.361793080901191217e+02 2.444306643987723078e+02 2.483151585111928341e+02 2.620658082451747646e+02 2.787129872143288480e+02 2.528533346112815536e+02 2.749827422801887451e+02 2.213704649384864638e+02 2.442911014037133555e+02 2.270551203186819578e+02 2.649275030605214738e+02 2.490537344094906018e+02 2.356237060292486944e+02 2.852140245422823455e+02 2.314858035607994964e+02 2.627093813808522214e+02 2.711462347578184335e+02 2.559233612941839340e+02 2.782489210081330384e+02 6.049268441125532263e+02 2.149492807983640716e+02 2.303997689740046155e+02
