5.339656947900257933e+01 1.020279285637404998e+00 6.756517259375102724e-02 1.068838703335492468e+00 2.127232888302048597e+00 1.419167969738677870e+00 1.513921618348504250e+00 2.578342339422284191e+00 1.551638883864848051e+00 2.460899042152402849e+00 7.889763429661121874e-01 3.271435355036419246e+00 1.074956668049379394e+00 3.000504441906822750e-01 1.798612116148382567e+00 1.992809575075654704e+00 1.373791624803800460e+01 9.249748156077620465e+00 8.428640465080963651e+00 2.662585001836701437e+00 4.894467386718146962e+00 9.784292916585840549e-01 7.379833509683866311e+00 4.612129679936306514e-01 2.988856893369600698e+00 -1.015830423348952039e+01 -1.001879019307854612e+00 1.159572325562106210e+00 1.123866275541890225e+00 1.950187543198332651e+00 2.230430450315574298e+00 2.015453701289056543e+00 3.189376228239636513e-01 1.764528504676848630e+00 2.625021075843640528e+00 -3.220703428735979479e+00 -1.204214998410967397e+01 3.895315223466555121e+00 3.755236639054695402e+00 -8.841367021839278806e+00 2.226191195307420045e+00 8.044838903394333496e-01 4.842858798774307694e+00
1.020279285637404998e+00 7.424891782631372905e+01 3.425200820442622529e+00 4.407344538684028201e+00 1.800176096609994669e+00 3.941438072178051311e+00 2.007844341365218277e+00 1.297865107725563627e+00 1.109031645580888181e+00 1.192708025060726040e+00 1.757365864427481883e+00 7.316147900125691272e-02 2.858854217253818941e+00 4.656485734555483980e+00 1.334951673864978927e+00 3.137172385211340231e+00 7.200316213867421489e+00 8.393320855184592588e+00 9.583841395458465584e+00 1.267434372101976514e+00 -9.835045162343833969e-01 1.043558632846407708e+00 2.494588225711831697e+00 9.796969094716330151e-01 8.353993811459344832e-01 1.445519886123849851e+01 8.598365331109253162e+00 3.536135839785653712e+00 7.726205303381981082e-01 1.412339185067333025e+00 4.174657772004227496e+00 2.343279690493321521e+00 7.681282089294046322e+00 3.304146458631999295e+00 1.469832212958431139e+00 1.315211299069211570e+01 1.306367995254699643e+01 1.059968375815652841e+00 1.519408337755193683e+00 1.750282669955381110e+01 -1.808150665322634520e-01 -3.401639686717921940e+00 -2.368793303671913097e+00
6.756517259375102724e-02 3.425200820442622529e+00 8.036293802083596916e+01 6.223902755104846918e+00 6.970250722322929304e-01 3.078244977248874026e+00 2.895911046165051239e+00 -1.898838588260173266e+00 2.015864420480374619e+00 4.866843342053826516e-01 1.748196695880846363e+00 5.637172605514059187e-01 6.029922095233909429e-01 5.223154121763922575e+00 -1.720162502155290207e+00 4.714967044796098072e+00 7.575923732185853687e+00 2.749298249923311843e+00 5.679932043050404111e+00 -1.320125776177400123e+00 3.037898625282485110e+00 1.678971587768566920e+01 8.831685398024502476e-02 3.135940333730513174e+00 -9.586026643454590435e-01 2.877696292233161302e+01 4.603088521472933792e+00 1.512817265136325584e-01 -2.403436681369121697e+00 -5.812151191181370580e-01 5.807011635994830279e+00 -2.679619787085038229e+00 3.846665753305785085e+00 -8.354759154565229995e-01 -1.089870057520491375e+00 2.840647704721919453e+01 1.203565834078465002e+01 -3.381298050288142676e+00 -1.647042624730328808e-01 8.591287003402497291e+00 -1.918061419653788180e+00 4.502083437597142357e+00 -5.960171918925953882e+00
1.068838703335492468e+00 4.407344538684028201e+00 6.223902755104846918e+00 1.229932303651252568e+02 1.554586009526366164e+00 3.728285412122583242e+00 3.858722998808392202e+00 -2.341532884571325468e+00 3.079590448210632658e+00 9.104382383243427856e-01 2.729777308176080997e+00 2.403869776478404052e+00 1.621139116776932454e+00 6.707619905569531582e+00 -1.053743699943419765e+00 5.513840627331906497e+00 1.590392600248157251e+01 1.073920166078345950e+01 1.169572546782709921e+01 -1.393720383279746233e+00 1.100978702725321945e+01 2.377623131524076783e+01 2.657978055060433054e+00 3.843557288029775698e+00 2.584898148325138201e-01 3.368613524876125354e+01 4.601633517709200483e+00 3.347621015267930322e-01 -2.577541824124853331e+00 7.604613106360248453e-01 8.337735587283043870e+00 -1.696949347284107290e+00 5.787776155503327580e+00 6.138284454766468334e-01 -7.720680419036929365e-01 3.434561830752368650e+01 6.854078561730757357e+00 -2.148219093616867248e+00 1.447999363281190055e+00 1.096027118730922822e+01 -2.290479966670367240e+00 8.524055324495657615e+00 -4.779830289315524006e+00
2.127232888302048597e+00 1.800176096609994669e+00 6.970250722322929304e-01 1.554586009526366164e+00 4.776764098245475765e+01 4.843750624764286528e+00 -3.804250901222310799e-01 6.653179925346648815e+00 -3.752420596483359572e-01 3.793654977446971444e+00 -1.042646924948635451e-01 -6.033744972579567767e-01 4.200301801465426088e+00 1.638500647982781722e+00 4.726051371936331513e+00 1.752989298529088469e+00 1.129940723940402059e+01 1.428734443708105495e+01 1.278679849093706267e+01 5.092919774340259664e+00 -1.049784279559035127e+01 -2.073733020676412764e+01 7.034994930310371153e+00 -9.565850328407635716e-01 5.767973374378312812e+00 -1.721670314623850118e+01 9.489153779432037084e+00 6.745830967088699559e+00 4.359576020583086020e+00 2.914605219955324067e+00 8.791292759768533083e-01 9.762948695711374469e+00 1.020469954833118820e+01 7.639198765643255840e+00 2.819379289265063537e+00 -1.390943117100047921e+01 1.722293603587371891e+01 7.486290254810120004e+00 4.141804171930044909e+00 1.604927549849907109e+01 3.663010377500555581e+00 -1.816915687556880954e+01 4.654141642959420011e+00
1.419167969738677870e+00 3.941438072178051311e+00 3.078244977248874026e+00 3.728285412122583242e+00 4.843750624764286528e+00 1.027458848224702876e+02 -8.394857209322865721e-01 8.723029825397052406e+00 -7.802911192023824771e-01 4.773423541756462107e+00 5.526631139756342792e-01 -1.953587267238011904e+00 6.288521362109969814e+00 4.644989586867766640e+00 8.207526240746878088e+00 2.770660226331207898e+00 3.349231394248784000e+01 3.625843501958250670e+01 3.609427527213755837e+01 6.984073876155130201e+00 -6.442048328036809046e+00 -2.529573497895694345e+01 1.773787776455847975e+01 -1.777069560745967669e+00 8.440271580108836602e+00 -9.182787542351807275e+00 1.890013240080076784e+01 1.123321673330537784e+01 6.044338169758096235e+00 2.941587981736940804e+00 6.217843309016367392e+00 1.565592626954440192e+01 2.567199176438554176e+01 1.268790212344176993e+01 4.109181039413594583e+00 -6.218924460688050715e+00 3.989918750993960828e+01 1.165591118933540393e+01 5.358949190700408316e+00 4.612568515690421123e+01 4.512761219234478816e+00 -2.194755051075705055e+01 3.311165311948898626e+00
1.513921618348504250e+00 2.007844341365218277e+00 2.895911046165051239e+00 3.858722998808392202e+00 -3.804250901222310799e-01 -8.394857209322865721e-01 5.740536153123383656e+01 -3.483106899116264810e+00 3.623422335710517306e+00 -1.335344935764478214e+00 2.906813236811840007e+00 4.078763646513916541e+00 -2.229560539394939422e-01 2.848161460434546211e+00 -1.881776567589527716e+00 3.125517655249133941e+00 5.635136673102477900e+00 5.264837296253677579e+00 3.168336378579221346e+00 -1.399014562229708991e+00 1.029899755879616130e+01 2.516139189967157463e+01 8.743685278097730329e-01 3.504185334012287267e+00 -2.718409104071150661e+00 2.591657439365744153e+01 -3.247521400352954668e+00 -2.943560546992534110e+00 -2.620197348150454353e+00 6.930506370312596864e-01 5.324461742852150792e+00 -4.127112535286391548e+00 -6.196954997869671411e-01 -2.843416516122292403e+00 6.285456289389010909e-01 2.512494085031931235e+01 -1.678903771876755258e+01 -2.104521253964666716e+00 3.609460966302623364e-01 -8.998983356301980763e+00 -1.876776584204812526e+00 1.766270163220510625e+01 -1.570470751508405760e+00
2.578342339422284191e+00 1.297865107725563627e+00 -1.898838588260173266e+00 -2.341532884571325468e+00 6.653179925346648815e+00 8.723029825397052406e+00 -3.483106899116264810e+00 9.084880444562338653e+01 -4.319250986294211891e+00 7.906757390145980224e+00 -8.248197512887461835e-01 -2.958774785960451403e+00 7.754205754606801726e+00 -5.515444713927852849e-01 1.092075061945904224e+01 -1.317046575100408567e+00 1.890811364022338381e+01 2.646011526503915690e+01 2.328933405439988746e+01 1.187676118182618801e+01 -2.336527031509884011e+01 -6.119315490629632848e+01 1.677417357588964819e+01 -5.334291373795775115e+00 1.244271604670955078e+01 -5.712482959142020178e+01 1.972343133267552773e+01 1.664885932869061236e+01 1.061498928030161082e+01 5.498963830004443665e+00 -3.301075369559502093e+00 2.279318374078249221e+01 2.429632009849266083e+01 1.650429289833049751e+01 7.474245276523381776e+00 -5.075401933857796166e+01 3.409643490113585784e+01 1.667323517778493880e+01 8.184127826720379417e+00 3.812142691423008500e+01 8.490732475787920563e+00 -4.470888125982190076e+01 1.251699489373574714e+01
1.551638883864848051e+00 1.109031645580888181e+00 2.015864420480374619e+00 3.079590448210632658e+00 -3.752420596483359572e-01 -7.802911192023824771e-01 3.623422335710517306e+00 -4.319250986294211891e+00 4.549035745718487789e+01 -1.735357766609433972e+00 2.439249619859249929e+00 4.508038604941368099e+00 -1.556738809148953351e+00 1.872542526017256348e+00 -3.034865385639503810e+00 2.834949066563199782e+00 9.168278659637543626e+00 5.648754686918022294e+00 2.970682108758241124e+00 -1.730632490018236602e+00 1.610239288501689003e+01 2.880360417279911900e+01 1.806031458313136051e+00 3.626785884857932629e+00 -3.088274161870989243e+00 2.230453787900354001e+01 -6.554147592049365478e+00 -4.078771994198540973e+00 -3.401597598036001369e+00 4.865500806646641530e-01 5.250334396903920897e+00 -5.762862946987898027e+00 -3.889427200668289064e+00 -3.797151752234056765e+00 8.697287413575370552e-02 2.479425286310380017e+01 -2.010000911350526209e+01 -1.447149039647054103e+00 2.545897314226903685e-01 -1.057857332837836317e+01 -2.987707336342313003e+00 2.185008617138823084e+01 -6.640232656300604219e-01
2.460899042152402849e+00 1.192708025060726040e+00 4.866843342053826516e-01 9.104382383243427856e-01 3.793654977446971444e+00 4.773423541756462107e+00 -1.335344935764478214e+00 7.906757390145980224e+00 -1.735357766609433972e+00 7.112180078439986630e+01 -6.255479396936312053e-01 -1.437593305010517568e-02 3.512765144490925362e+00 7.433895504241588847e-01 5.663515953584200346e+00 7.729612942374743945e-01 1.000685930300635995e+01 1.566628504038076919e+01 1.022135270560869635e+01 6.518276947776415753e+00 -1.388763051855425523e+01 -2.545102928694238997e+01 8.514428089679780598e+00 -2.872687601741045871e+00 7.641953527353849474e+00 -2.935187443037344579e+01 8.660160767361828604e+00 7.756515604317801404e+00 4.694450007199908903e+00 3.261942163007788942e+00 -8.513332936975004372e-01 1.013083426323719394e+01 7.530855496608180211e+00 8.552701693436628005e+00 3.486374040107646177e+00 -2.432875265144515353e+01 1.685674574158615968e+01 6.983963859784680928e+00 6.087531302015786849e+00 1.396075600989670207e+01 5.062123960977678472e+00 -2.316094792882857689e+01 4.646762814295893662e+00
7.889763429661121874e-01 1.757365864427481883e+00 1.748196695880846363e+00 2.729777308176080997e+00 -1.042646924948635451e-01 5.526631139756342792e-01 2.906813236811840007e+00 -8.248197512887461835e-01 2.439249619859249929e+00 -6.255479396936312053e-01 8.887128782523716097e+01 1.776016534482090181e+00 2.284944567385496228e+00 2.977995981036664297e+00 1.547038839504414065e-01 1.585895670249927614e+00 6.899103120656181254e+00 4.358803186669284457e+00 1.233253834701434570e+01 5.700761330553701933e-01 4.949448995982347554e+00 8.171817542646341082e+00 5.664093488896631889e+00 1.816342774994067932e+00 -1.699211720074855547e+00 1.525431176109108300e+01 4.031262712529221304e+00 1.369160207608712154e+00 -4.770744556052607804e-02 1.721342520877803040e+00 4.432686071376228831e+00 1.765644814698921650e+00 5.398196476969967961e+00 7.331336061045380381e-01 2.575175918883312320e+00 1.363873638231778074e+01 -2.324207034365679103e+00 5.225856343545705052e-01 1.112683228454334206e+00 7.660012971263477688e+00 2.129142838521912856e-02 8.397086535190446455e+00 9.861384896726393956e-01
3.271435355036419246e+00 7.316147900125691272e-02 5.637172605514059187e-01 2.403869776478404052e+00 -6.033744972579567767e-01 -1.953587267238011904e+00 4.078763646513916541e+00 -2.958774785960451403e+00 4.508038604941368099e+00 -1.437593305010517568e-02 1.776016534482090181e+00 9.134313379493245577e+01 -1.542824538391957878e+00 -2.815536915095405157e-01 -1.009513477875783716e+00 2.066865433600963087e+00 1.498300349206724924e+01 8.486122314640867970e+00 4.063995834716842559e+00 -7.959199990804471936e-01 1.911459363064515316e+01 2.874177934693457104e+01 5.828843463367049615e+00 3.465024671688899272e+00 -1.560547228201752512e+00 1.029507681420638754e+01 -1.085078386625578695e+01 -5.409184786925401056e+00 -2.472608327260710226e+00 1.116993851085994915e+00 4.220504581432106050e+00 -5.723022813123201047e+00 -7.871677664759182846e+00 -4.442400152444692552e+00 2.375366904362270049e+00 1.606825449074965917e+01 -3.653485483895890695e+01 -1.142727456435543854e+00 2.736191265132021044e+00 -3.064903060767424847e+01 -6.288199075814734917e-02 2.503907982340514593e+01 2.506448398999618909e+00
1.074956668049379394e+00 2.858854217253818941e+00 6.029922095233909429e-01 1.621139116776932454e+00 4.200301801465426088e+00 6.288521362109969814e+00 -2.229560539394939422e-01 7.754205754606801726e+00 -1.556738809148953351e+00 3.512765144490925362e+00 2.284944567385496228e+00 -1.542824538391957878e+00 1.147155012568604349e+02 3.813660781902736829e+00 5.679578530526093516e+00 1.230820685438430262e+00 3.834896503696282544e+00 1.116460926089543193e+01 1.534255795686205204e+01 6.838960992887368029e+00 -1.794559904066724343e+01 -2.734946603722393021e+01 7.100909735894023633e+00 -1.779405708379727225e+00 4.866102566119954176e+00 -8.613735052578373796e+00 1.599818616603150012e+01 1.041713600063692091e+01 5.950681069426473790e+00 3.571271052943930879e+00 1.541078800790880887e+00 1.313165520463502567e+01 2.022875201245375010e+01 9.209708795452232977e+00 3.674145073675420203e+00 -1.271773242535117809e+01 2.682592947088489765e+01 1.058568058316187432e+01 3.878489431278310029e+00 3.392183654319970998e+01 4.367321254189147517e+00 -2.424966718710776092e+01 5.944778509799637511e+00
3.000504441906822750e-01 4.656485734555483980e+00 5.223154121763922575e+00 6.707619905569531582e+00 1.638500647982781722e+00 4.644989586867766640e+00 2.848161460434546211e+00 -5.515444713927852849e-01 1.872542526017256348e+00 7.433895504241588847e-01 2.977995981036664297e+00 -2.815536915095405157e-01 3.813660781902736829e+00 1.420382086324252953e+02 6.593884935587135399e-01 5.107273368013114379e+00 1.128872981831673705e+01 4.940471394384290171e+00 1.470673346372007551e+01 3.380361011376485925e-01 2.083939926863195513e+00 1.081062840124171665e+01 3.199613007927093022e+00 2.506996670914491077e+00 -7.017885559858529909e-01 3.292938136434533192e+01 1.071469100597187563e+01 3.214453496283654843e+00 -4.814122850973124312e-01 1.209998708323003047e+00 7.224593763394016932e+00 2.991886513903124545e+00 1.455787561027145749e+01 4.068467991901390413e+00 1.740578580896596228e-01 2.906559102443055309e+01 1.742811869254267876e+01 1.781852817688049262e+00 5.958314677655357494e-01 2.702446507579765722e+01 -9.305155307473720327e-01 1.527285016865714162e+00 -2.529792733745299227e+00
1.798612116148382567e+00 1.334951673864978927e+00 -1.720162502155290207e+00 -1.053743699943419765e+00 4.726051371936331513e+00 8.207526240746878088e+00 -1.881776567589527716e+00 1.092075061945904224e+01 -3.034865385639503810e+00 5.663515953584200346e+00 1.547038839504414065e-01 -1.009513477875783716e+00 5.679578530526093516e+00 6.593884935587135399e-01 1.548319291895656420e+02 -8.475074625011416174e-01 2.516336958963747961e+01 2.880166892161662773e+01 2.621352893054459443e+01 7.983536266301003437e+00 -1.122508454912177278e+01 -3.779943406441843479e+01 1.837493462342960626e+01 -3.865829112883063079e+00 8.252768908466748599e+00 -3.695610890755558842e+01 1.518917568532060258e+01 1.253310701499169433e+01 9.165025582695195183e+00 4.077785071194700350e+00 -1.016199135088248662e+00 1.946263530043664503e+01 2.331154949061402348e+01 1.370790133135269961e+01 5.855432827057776457e+00 -3.210328967197379058e+01 2.274403196314241171e+01 1.382526381834676954e+01 6.455890238920613200e+00 3.798459849079826256e+01 8.247789837482319086e+00 -2.575044827157763194e+01 1.043397118061734830e+01
1.992809575075654704e+00 3.137172385211340231e+00 4.714967044796098072e+00 5.513840627331906497e+00 1.752989298529088469e+00 2.770660226331207898e+00 3.125517655249133941e+00 -1.317046575100408567e+00 2.834949066563199782e+00 7.729612942374743945e-01 1.585895670249927614e+00 2.066865433600963087e+00 1.230820685438430262e+00 5.107273368013114379e+00 -8.475074625011416174e-01 1.816625745229390816e+02 1.235045643211358168e+01 8.743143981054810610e+00 4.684682257441642683e+00 -1.207199680588916940e-01 1.135683679661634038e+01 2.221674451030010644e+01 1.394853222335241227e+00 2.654640519318750336e+00 -1.478517609331774507e-01 2.441552726479812563e+01 2.251282128807721605e+00 -6.367093627946654455e-02 -1.438973798104466351e+00 7.972776127999640083e-01 5.816651011273550331e+00 -1.429294123234173819e+00 1.749875120759616154e+00 2.073533127535776566e-01 5.160512386656844752e-01 2.386235176145654791e+01 3.745339125175218165e+00 -2.699344360464522308e-01 1.811299014361885895e+00 8.203261491004409933e-01 -7.486284784977130791e-01 4.821547465074212724e+00 -2.608086372545820986e+00
1.373791624803800460e+01 7.200316213867421489e+00 7.575923732185853687e+00 1.590392600248157251e+01 1.129940723940402059e+01 3.349231394248784000e+01 5.635136673102477900e+00 1.890811364022338381e+01 9.168278659637543626e+00 1.000685930300635995e+01 6.899103120656181254e+00 1.498300349206724924e+01 3.834896503696282544e+00 1.128872981831673705e+01 2.516336958963747961e+01 1.235045643211358168e+01 1.309984430659818372e+03 2.947779269747944113e+02 2.634146244226813565e+02 1.992208752548506467e+01 1.302878785215249593e+02 4.016446539712951846e+01 1.565656873333407475e+02 7.410749243677452469e+00 2.218296630146074833e+01 7.557392099102571148e-01 2.671431928305814196e+01 2.029772320103849026e+01 1.229647210168574567e+01 9.126117814735108524e+00 4.659542648809141241e+01 5.243136302598895071e+01 1.077745718623385756e+02 4.211324210004973878e+01 1.939422025365334079e+01 5.417886910019504398e+01 9.009286726360869579e+00 7.056899116716377307e+01 1.657439398453545465e+01 1.207185934291238141e+02 2.619898286780184193e+01 7.789073248058242882e+01 4.516212058231023008e+01
9.249748156077620465e+00 8.393320855184592588e+00 2.749298249923311843e+00 1.073920166078345950e+01 1.428734443708105495e+01 3.625843501958250670e+01 5.264837296253677579e+00 2.646011526503915690e+01 5.648754686918022294e+00 1.566628504038076919e+01 4.358803186669284457e+00 8.486122314640867970e+00 1.116460926089543193e+01 4.940471394384290171e+00 2.880166892161662773e+01 8.743143981054810610e+00 2.947779269747944113e+02 3.556894874716756021e+03 3.204950149855804398e+02 2.786075831843344730e+01 1.284242867868612734e+02 -4.460006393068201902e+01 1.735933191690449178e+02 3.616762714707727255e+00 2.915210973101427072e+01 -8.350214305649338087e+01 3.037021324317850457e+01 2.804063470203425723e+01 2.221952454546192612e+01 1.151264860448149463e+01 5.644681637549371089e+01 6.961150242126977616e+01 1.214577351823967177e+02 4.532275720381359463e+01 2.002914900832790579e+01 -1.538358972997450103e+01 -1.982187202121892478e+00 8.804935877642658681e+01 2.151894749890839975e+01 1.433603343428108019e+02 2.114803688680860816e+01 3.775721635309690782e+01 3.713303508276990073e+01
8.428640465080963651e+00 9.583841395458465584e+00 5.679932043050404111e+00 1.169572546782709921e+01 1.278679849093706267e+01 3.609427527213755837e+01 3.168336378579221346e+00 2.328933405439988746e+01 2.970682108758241124e+00 1.022135270560869635e+01 1.233253834701434570e+01 4.063995834716842559e+00 1.534255795686205204e+01 1.470673346372007551e+01 2.621352893054459443e+01 4.684682257441642683e+00 2.634146244226813565e+02 3.204950149855804398e+02 1.273444482086293192e+03 2.348826408408880440e+01 5.124173471837820415e+01 -4.450483787194773555e+01 1.418682390054063660e+02 4.585086047171693657e+00 2.239953111255859497e+01 -1.626739106308425065e+01 4.925863633566853395e+01 3.106291722586199100e+01 1.909638048400817567e+01 1.009490674491286200e+01 3.429663139763651714e+01 6.512550968059917977e+01 1.258735863558952843e+02 4.948878780170949199e+01 2.144044551267675303e+01 2.157595003738428119e+01 5.996858980304233455e+01 7.132855344839366296e+01 1.602701603203520975e+01 1.595056320404782184e+02 1.947419587999016244e+01 9.613232157578915249e+00 4.066377700918626203e+01
2.662585001836701437e+00 1.267434372101976514e+00 -1.320125776177400123e+00 -1.393720383279746233e+00 5.092919774340259664e+00 6.984073876155130201e+00 -1.399014562229708991e+00 1.187676118182618801e+01 -1.730632490018236602e+00 6.518276947776415753e+00 5.700761330553701933e-01 -7.959199990804471936e-01 6.838960992887368029e+00 3.380361011376485925e-01 7.983536266301003437e+00 -1.207199680588916940e-01 1.992208752548506467e+01 2.786075831843344730e+01 2.348826408408880440e+01 7.597051242041749219e+01 -1.633678961684125142e+01 -4.169570068603885460e+01 1.751329934972316593e+01 -3.013166395533608544e+00 9.865304522966953371e+00 -3.917158939505848991e+01 1.457307477204854962e+01 1.213924841245055042e+01 8.514593434283867168e+00 4.518668801047005523e+00 -8.670784260566535284e-01 1.749070609012628452e+01 1.962484932667657844e+01 1.199383836594201114e+01 6.326433073456585454e+00 -3.507754532046504892e+01 2.148866439749828317e+01 1.428775081860258389e+01 7.098113148112956239e+00 2.923214634180277116e+01 6.975183322179263179e+00 -2.807683080107947404e+01 9.987207215038694130e+00
4.894467386718146962e+00 -9.835045162343833969e-01 3.037898625282485110e+00 1.100978702725321945e+01 -1.049784279559035127e+01 -6.442048328036809046e+00 1.029899755879616130e+01 -2.336527031509884011e+01 1.610239288501689003e+01 -1.388763051855425523e+01 4.949448995982347554e+00 1.911459363064515316e+01 -1.794559904066724343e+01 2.083939926863195513e+00 -1.122508454912177278e+01 1.135683679661634038e+01 1.302878785215249593e+02 1.284242867868612734e+02 5.124173471837820415e+01 -1.633678961684125142e+01 1.364417880197180921e+03 1.886675382194196686e+02 4.287783421102575687e+01 1.795989128361247822e+01 -1.648402216113775864e+01 1.224408020350349346e+02 -4.609096428917812460e+01 -3.140899492947769289e+01 -1.950155831217088931e+01 -4.922770488987493920e+00 3.005443335544898886e+01 -2.921965389752643816e+01 -6.746010481307460616e+00 -2.335159264075064556e+01 -7.507802257203485929e+00 1.405776831636075883e+02 -1.094333359337738614e+02 -3.474914034219992232e+00 -3.891124777883185448e+00 -6.635954987411703598e+01 -2.194813647299149295e+00 1.680894927264324963e+02 6.521493369946156804e+00
9.784292916585840549e-01 1.043558632846407708e+00 1.678971587768566920e+01 2.377623131524076783e+01 -2.073733020676412764e+01 -2.529573497895694345e+01 2.516139189967157463e+01 -6.119315490629632848e+01 2.880360417279911900e+01 -2.545102928694238997e+01 8.171817542646341082e+00 2.874177934693457104e+01 -2.734946603722393021e+01 1.081062840124171665e+01 -3.779943406441843479e+01 2.221674451030010644e+01 4.016446539712951846e+01 -4.460006393068201902e+01 -4.450483787194773555e+01 -4.169570068603885460e+01 1.886675382194196686e+02 1.751632976004457532e+03 -3.149146053593442929e+01 3.510910178158633954e+01 -4.071447600939188760e+01 2.894773892908897892e+02 -8.714423841246471625e+01 -6.775434232841890037e+01 -4.378278862158838791e+01 -1.630178022542893856e+01 3.602405102437632678e+01 -8.839498815479048233e+01 -8.302040570037350165e+01 -6.225239844771198250e+01 -1.828040975425289361e+01 2.655296667396429484e+02 -1.869637708082576637e+02 -4.756221596838246768e+01 -2.247796426163785455e+01 -1.756413828753085795e+02 -3.783117448659480431e+01 2.523209666787551839e+02 -3.255072244728863495e+01
7.379833509683866311e+00 2.494588225711831697e+00 8.831685398024502476e-02 2.657978055060433054e+00 7.034994930310371153e+00 1.773787776455847975e+01 8.743685278097730329e-01 1.677417357588964819e+01 1.806031458313136051e+00 8.514428089679780598e+00 5.664093488896631889e+00 5.828843463367049615e+00 7.100909735894023633e+00 3.199613007927093022e+00 1.837493462342960626e+01 1.394853222335241227e+00 1.565656873333407475e+02 1.735933191690449178e+02 1.418682390054063660e+02 1.751329934972316593e+01 4.287783421102575687e+01 -3.149146053593442929e+01 4.769339397431335783e+02 1.123203086685637730e+00 1.423547109916766296e+01 -4.654262721512290568e+01 1.979522556924338517e+01 1.621482623192760286e+01 1.250359068046559941e+01 8.540053638471324149e+00 1.811118815771642687e+01 3.561969948207558190e+01 6.766870249220212941e+01 2.732752065853021151e+01 1.431016683347301033e+01 -1.291745621569718594e+01 1.042158376241094153e+01 4.101959593577107199e+01 1.123044441782964498e+01 7.686668993265654137e+01 1.415620036261399939e+01 9.374744893173714289e+00 2.846661081548317540e+01
4.612129679936306514e-01 9.796969094716330151e-01 3.135940333730513174e+00 3.843557288029775698e+00 -9.565850328407635716e-01 -1.777069560745967669e+00 3.504185334012287267e+00 -5.334291373795775115e+00 3.626785884857932629e+00 -2.872687601741045871e+00 1.816342774994067932e+00 3.465024671688899272e+00 -1.779405708379727225e+00 2.506996670914491077e+00 -3.865829112883063079e+00 2.654640519318750336e+00 7.410749243677452469e+00 3.616762714707727255e+00 4.585086047171693657e+00 -3.013166395533608544e+00 1.795989128361247822e+01 3.510910178158633954e+01 1.123203086685637730e+00 6.282976538454415305e+01 -4.422774269827382199e+00 3.086388440198031091e+01 -5.539467109328573891e+00 -5.488720527538727190e+00 -3.918164650106581437e+00 -8.408367810379909768e-01 6.383977753866407312e+00 -7.506282232865054027e+00 -3.921433703890305100e+00 -4.650778820656657153e+00 -2.043071020912000435e+00 3.150290459579723645e+01 -1.601585821494790096e+01 -3.163543318292329154e+00 -7.231621951284432637e-01 -1.421923306147555088e+01 -3.125225660958624641e+00 2.455705164944732033e+01 -3.521607731565695509e+00
2.988856893369600698e+00 8.353993811459344832e-01 -9.586026643454590435e-01 2.584898148325138201e-01 5.767973374378312812e+00 8.440271580108836602e+00 -2.718409104071150661e+00 1.244271604670955078e+01 -3.088274161870989243e+00 7.641953527353849474e+00 -1.699211720074855547e+00 -1.560547228201752512e+00 4.866102566119954176e+00 -7.017885559858529909e-01 8.252768908466748599e+00 -1.478517609331774507e-01 2.218296630146074833e+01 2.915210973101427072e+01 2.239953111255859497e+01 9.865304522966953371e+00 -1.648402216113775864e+01 -4.071447600939188760e+01 1.423547109916766296e+01 -4.422774269827382199e+00 1.459231823763256557e+02 -4.318386906726866670e+01 1.265804636269347760e+01 1.170486514918470711e+01 7.010982461528287857e+00 3.618838272900915420e+00 -9.096223276230691601e-01 1.703399239299416124e+01 1.662591049297859058e+01 1.287620148937945075e+01 5.632405180713192294e+00 -3.597762426181773776e+01 2.567866689160362981e+01 1.301649264484670177e+01 5.978403660160754640e+00 2.960127785054484306e+01 7.474779291511548962e+00 -3.461434408305422750e+01 9.827367679738634010e+00
-1.015830423348952039e+01 1.445519886123849851e+01 2.877696292233161302e+01 3.368613524876125354e+01 -1.721670314623850118e+01 -9.182787542351807275e+00 2.591657439365744153e+01 -5.712482959142020178e+01 2.230453787900354001e+01 -2.935187443037344579e+01 1.525431176109108300e+01 1.029507681420638754e+01 -8.613735052578373796e+00 3.292938136434533192e+01 -3.695610890755558842e+01 2.441552726479812563e+01 7.557392099102571148e-01 -8.350214305649338087e+01 -1.626739106308425065e+01 -3.917158939505848991e+01 1.224408020350349346e+02 2.894773892908897892e+02 -4.654262721512290568e+01 3.086388440198031091e+01 -4.318386906726866670e+01 2.197912528995437242e+03 -2.147387215214289924e+01 -4.312909021697088008e+01 -3.846724666248879743e+01 -1.039556924008632066e+01 4.248641485535642914e+01 -6.516323070943531093e+01 -1.777683688397660333e+01 -4.430519529881414087e+01 -2.433116378198216267e+01 3.151292549560332645e+02 -2.702543378691106923e+01 -4.813300719384828597e+01 -3.008300967435591389e+01 4.597110185829029305e+00 -4.126151912853135428e+01 1.942569661680537365e+02 -5.095743005708898465e+01
-1.001879019307854612e+00 8.598365331109253162e+00 4.603088521472933792e+00 4.601633517709200483e+00 9.489153779432037084e+00 1.890013240080076784e+01 -3.247521400352954668e+00 1.972343133267552773e+01 -6.554147592049365478e+00 8.660160767361828604e+00 4.031262712529221304e+00 -1.085078386625578695e+01 1.599818616603150012e+01 1.071469100597187563e+01 1.518917568532060258e+01 2.251282128807721605e+00 2.671431928305814196e+01 3.037021324317850457e+01 4.925863633566853395e+01 1.457307477204854962e+01 -4.609096428917812460e+01 -8.714423841246471625e+01 1.979522556924338517e+01 -5.539467109328573891e+00 1.265804636269347760e+01 -2.147387215214289924e+01 5.052852601131864390e+02 3.005600882727403800e+01 1.571516972120984512e+01 7.066271276680791580e+00 2.566023253916170699e+00 3.845347325355504609e+01 6.841175423057737248e+01 2.950680456222911019e+01 7.881701415335038874e+00 -2.605706489485177357e+01 1.139447396851836061e+02 2.462376318252962548e+01 8.199183040935285049e+00 1.323898933241267741e+02 9.857206739871436696e+00 -6.748558097776022180e+01 1.041029238596755491e+01
1.159572325562106210e+00 3.536135839785653712e+00 1.512817265136325584e-01 3.347621015267930322e-01 6.745830967088699559e+00 1.123321673330537784e+01 -2.943560546992534110e+00 1.664885932869061236e+01 -4.078771994198540973e+00 7.756515604317801404e+00 1.369160207608712154e+00 -5.409184786925401056e+00 1.041713600063692091e+01 3.214453496283654843e+00 1.253310701499169433e+01 -6.367093627946654455e-02 2.029772320103849026e+01 2.804063470203425723e+01 3.106291722586199100e+01 1.213924841245055042e+01 -3.140899492947769289e+01 -6.775434232841890037e+01 1.621482623192760286e+01 -5.488720527538727190e+00 1.170486514918470711e+01 -4.312909021697088008e+01 3.005600882727403800e+01 1.069360462753310941e+02 1.153696793553909927e+01 5.812494285796173443e+00 -7.780377401376825652e-02 2.649958688179963318e+01 3.422326185960285727e+01 1.977613084659159171e+01 7.798842910492624014e+00 -4.007869005829660125e+01 5.502164951835481332e+01 1.930650930009475630e+01 7.841978047439845945e+00 6.534206947848697666e+01 9.757166022902897140e+00 -5.107803361066162040e+01 9.788823792570795490e+00
1.123866275541890225e+00 7.726205303381981082e-01 -2.403436681369121697e+00 -2.577541824124853331e+00 4.359576020583086020e+00 6.044338169758096235e+00 -2.620197348150454353e+00 1.061498928030161082e+01 -3.401597598036001369e+00 4.694450007199908903e+00 -4.770744556052607804e-02 -2.472608327260710226e+00 5.950681069426473790e+00 -4.814122850973124312e-01 9.165025582695195183e+00 -1.438973798104466351e+00 1.229647210168574567e+01 2.221952454546192612e+01 1.909638048400817567e+01 8.514593434283867168e+00 -1.950155831217088931e+01 -4.378278862158838791e+01 1.250359068046559941e+01 -3.918164650106581437e+00 7.010982461528287857e+00 -3.846724666248879743e+01 1.571516972120984512e+01 1.153696793553909927e+01 9.295082375641977990e+01 3.680242321193362365e+00 -2.393087644986275464e+00 1.663731448848907846e+01 1.867151261207809654e+01 1.088918749202932013e+01 4.828451494372748343e+00 -3.187556811622997799e+01 2.584300512496350422e+01 1.221099243450156990e+01 4.153411106190095126e+00 3.552663539138589499e+01 6.472726977700913764e+00 -2.921266261655208751e+01 8.895813539273403237e+00
1.950187543198332651e+00 1.412339185067333025e+00 -5.812151191181370580e-01 7.604613106360248453e-01 2.914605219955324067e+00 2.941587981736940804e+00 6.930506370312596864e-01 5.498963830004443665e+00 4.865500806646641530e-01 3.261942163007788942e+00 1.721342520877803040e+00 1.116993851085994915e+00 3.571271052943930879e+00 1.209998708323003047e+00 4.077785071194700350e+00 7.972776127999640083e-01 9.126117814735108524e+00 1.151264860448149463e+01 1.009490674491286200e+01 4.518668801047005523e+00 -4.922770488987493920e+00 -1.630178022542893856e+01 8.540053638471324149e+00 -8.408367810379909768e-01 3.618838272900915420e+00 -1.039556924008632066e+01 7.066271276680791580e+00 5.812494285796173443e+00 3.680242321193362365e+00 5.625042709281876796e+01 1.400203845514540024e+00 8.397527486939992514e+00 9.748507556846201183e+00 5.257048170980687551e+00 4.329601089778220668e+00 -9.003836791659280081e+00 2.953031668386609798e+00 6.651184938663369905e+00 3.482395015284347473e+00 1.335677637628314152e+01 2.981310100970721244e+00 -1.038135624662443668e+01 5.264961823568797605e+00
2.230430450315574298e+00 4.174657772004227496e+00 5.807011635994830279e+00 8.337735587283043870e+00 8.791292759768533083e-01 6.217843309016367392e+00 5.324461742852150792e+00 -3.301075369559502093e+00 5.250334396903920897e+00 -8.513332936975004372e-01 4.432686071376228831e+00 4.220504581432106050e+00 1.541078800790880887e+00 7.224593763394016932e+00 -1.016199135088248662e+00 5.816651011273550331e+00 4.659542648809141241e+01 5.644681637549371089e+01 3.429663139763651714e+01 -8.670784260566535284e-01 3.005443335544898886e+01 3.602405102437632678e+01 1.811118815771642687e+01 6.383977753866407312e+00 -9.096223276230691601e-01 4.248641485535642914e+01 2.566023253916170699e+00 -7.780377401376825652e-02 -2.393087644986275464e+00 1.400203845514540024e+00 3.049106582136323595e+02 1.933176372987357450e-01 1.772181612188807520e+01 1.096849809923654329e+00 1.740097163975234951e+00 4.625382096103317764e+01 1.512639255956010231e+00 4.706452226283214912e+00 1.863877521645016244e-01 1.859706310002355067e+01 -1.169540384893373863e+00 2.811879042309575638e+01 -3.191903064836121295e-01
2.015453701289056543e+00 2.343279690493321521e+00 -2.679619787085038229e+00 -1.696949347284107290e+00 9.762948695711374469e+00 1.565592626954440192e+01 -4.127112535286391548e+00 2.279318374078249221e+01 -5.762862946987898027e+00 1.013083426323719394e+01 1.765644814698921650e+00 -5.723022813123201047e+00 1.313165520463502567e+01 2.991886513903124545e+00 1.946263530043664503e+01 -1.429294123234173819e+00 5.243136302598895071e+01 6.961150242126977616e+01 6.512550968059917977e+01 1.749070609012628452e+01 -2.921965389752643816e+01 -8.839498815479048233e+01 3.561969948207558190e+01 -7.506282232865054027e+00 1.703399239299416124e+01 -6.516323070943531093e+01 3.845347325355504609e+01 2.649958688179963318e+01 1.663731448848907846e+01 8.397527486939992514e+00 1.933176372987357450e-01 2.148587918482920713e+02 5.882306678135069689e+01 2.984391429557419073e+01 1.152456794526742279e+01 -5.419806147221605386e+01 6.844661414013749834e+01 3.077998707349311047e+01 9.637645515310756750e+00 9.103707363283584186e+01 1.508594826390230281e+01 -5.725097981514227286e+01 2.024615526213654348e+01
3.189376228239636513e-01 7.681282089294046322e+00 3.846665753305785085e+00 5.787776155503327580e+00 1.020469954833118820e+01 2.567199176438554176e+01 -6.196954997869671411e-01 2.429632009849266083e+01 -3.889427200668289064e+00 7.530855496608180211e+00 5.398196476969967961e+00 -7.871677664759182846e+00 2.022875201245375010e+01 1.455787561027145749e+01 2.331154949061402348e+01 1.749875120759616154e+00 1.077745718623385756e+02 1.214577351823967177e+02 1.258735863558952843e+02 1.962484932667657844e+01 -6.746010481307460616e+00 -8.302040570037350165e+01 6.766870249220212941e+01 -3.921433703890305100e+00 1.662591049297859058e+01 -1.777683688397660333e+01 6.841175423057737248e+01 3.422326185960285727e+01 1.867151261207809654e+01 9.748507556846201183e+00 1.772181612188807520e+01 5.882306678135069689e+01 8.280752235751288026e+02 3.958004858948425664e+01 1.108262530605020757e+01 2.855923595111110824e+00 1.139809204422822688e+02 4.795397647669673802e+01 8.115893879100426034e+00 1.803038754747593089e+02 1.209718746431072312e+01 -4.272098460661823793e+01 2.410582037949885148e+01
1.764528504676848630e+00 3.304146458631999295e+00 -8.354759154565229995e-01 6.138284454766468334e-01 7.639198765643255840e+00 1.268790212344176993e+01 -2.843416516122292403e+00 1.650429289833049751e+01 -3.797151752234056765e+00 8.552701693436628005e+00 7.331336061045380381e-01 -4.442400152444692552e+00 9.209708795452232977e+00 4.068467991901390413e+00 1.370790133135269961e+01 2.073533127535776566e-01 4.211324210004973878e+01 4.532275720381359463e+01 4.948878780170949199e+01 1.199383836594201114e+01 -2.335159264075064556e+01 -6.225239844771198250e+01 2.732752065853021151e+01 -4.650778820656657153e+00 1.287620148937945075e+01 -4.430519529881414087e+01 2.950680456222911019e+01 1.977613084659159171e+01 1.088918749202932013e+01 5.257048170980687551e+00 1.096849809923654329e+00 2.984391429557419073e+01 3.958004858948425664e+01 1.868158593164277192e+02 7.069868543199057775e+00 -3.831964092007194722e+01 5.360349982859250417e+01 2.098394736268227945e+01 7.029230221295625469e+00 6.675333795859359043e+01 9.938576362426912780e+00 -4.331132031352861134e+01 9.478487036800686383e+00
2.625021075843640528e+00 1.469832212958431139e+00 -1.089870057520491375e+00 -7.720680419036929365e-01 2.819379289265063537e+00 4.109181039413594583e+00 6.285456289389010909e-01 7.474245276523381776e+00 8.697287413575370552e-02 3.486374040107646177e+00 2.575175918883312320e+00 2.375366904362270049e+00 3.674145073675420203e+00 1.740578580896596228e-01 5.855432827057776457e+00 5.160512386656844752e-01 1.939422025365334079e+01 2.002914900832790579e+01 2.144044551267675303e+01 6.326433073456585454e+00 -7.507802257203485929e+00 -1.828040975425289361e+01 1.431016683347301033e+01 -2.043071020912000435e+00 5.632405180713192294e+00 -2.433116378198216267e+01 7.881701415335038874e+00 7.798842910492624014e+00 4.828451494372748343e+00 4.329601089778220668e+00 1.740097163975234951e+00 1.152456794526742279e+01 1.108262530605020757e+01 7.069868543199057775e+00 1.220421473473914489e+02 -1.739425216170663901e+01 3.038373082622980892e+00 8.394215694578674558e+00 5.472672817215927132e+00 1.325057929145954105e+01 4.722445451047028619e+00 -1.385637066061051925e+01 7.643218149407687179e+00
-3.220703428735979479e+00 1.315211299069211570e+01 2.840647704721919453e+01 3.434561830752368650e+01 -1.390943117100047921e+01 -6.218924460688050715e+00 2.512494085031931235e+01 -5.075401933857796166e+01 2.479425286310380017e+01 -2.432875265144515353e+01 1.363873638231778074e+01 1.606825449074965917e+01 -1.271773242535117809e+01 2.906559102443055309e+01 -3.210328967197379058e+01 2.386235176145654791e+01 5.417886910019504398e+01 -1.538358972997450103e+01 2.157595003738428119e+01 -3.507754532046504892e+01 1.405776831636075883e+02 2.655296667396429484e+02 -1.291745621569718594e+01 3.150290459579723645e+01 -3.597762426181773776e+01 3.151292549560332645e+02 -2.605706489485177357e+01 -4.007869005829660125e+01 -3.187556811622997799e+01 -9.003836791659280081e+00 4.625382096103317764e+01 -5.419806147221605386e+01 2.855923595111110824e+00 -3.831964092007194722e+01 -1.739425216170663901e+01 1.628751327295089141e+03 -4.853637196508056206e+01 -3.456656613369901265e+01 -2.138707816798324401e+01 -1.621841081267365325e+01 -2.843994507071355216e+01 1.908439673785886725e+02 -3.074147770094274890e+01
