1.262203793688818223e+02 6.981830726798260400e+01 6.995691495329222676e+01 7.805513125060379309e+01 7.623474433645793624e+01 7.291607188234151238e+01 6.836249416073570728e+01 7.496106631965545830e+01 7.130095254527994086e+01 7.555454700944369506e+01 7.432400120097521778e+01 7.482442299767988914e+01 7.229069190062813277e+01 5.038252957549698152e+01 6.330596149731370303e+01 6.377639971436412480e+01 7.774263538137894614e+01 7.363357566498204676e+01 7.765184005431927972e+01 8.079616083392953385e+01 7.354669756708969430e+01 6.995982555762765287e+01 7.268227066554315741e+01 6.808231410663528038e+01 7.488662971739255170e+01 6.598377421948035249e+01 6.535130766267775471e+01 7.261358792271427376e+01 7.166549918773986860e+01 6.829886672319405250e+01 7.128713998684688136e+01 7.520975376012845004e+01 7.902320111734209718e+01 7.901082897652631232e+01 7.211885916559603515e+01 6.984416735861066172e+01
6.981830726798260400e+01 1.346679828229477209e+02 6.967233808523745608e+01 7.197401376006625640e+01 6.916292723251234520e+01 7.196914257017421335e+01 6.639854232866785821e+01 7.410782235654158967e+01 7.046615280463085185e+01 7.125044567582052935e+01 6.755064784459779048e+01 7.149853013328564089e+01 7.608497799724422350e+01 6.434179782812405790e+01 6.100763272628578449e+01 6.560107984708523077e+01 7.390106828282699780e+01 6.811716718189627784e+01 7.240607424203268749e+01 7.524744741534370007e+01 6.719713008279458677e+01 6.678469716319725080e+01 6.959178034209139696e+01 6.491090864460089449e+01 6.827364073248391207e+01 6.248943091164019847e+01 6.175190857651617193e+01 6.813433955003905851e+01 6.708204921022283429e+01 6.600287582464659408e+01 6.785053707046495219e+01 6.958222505738881125e+01 7.298568467616901501e+01 7.391544078585388888e+01 6.257408625458734974e+01 7.563480285834155836e+01
6.995691495329222676e+01 6.967233808523745608e+01 1.478945667863361848e+02 7.061257350099779728e+01 7.154843730276509461e+01 7.537018073827773890e+01 6.668313366356207439e+01 7.831111644327391730e+01 7.173026733654936038e+01 7.381113554488618433e+01 6.600336082993652553e+01 7.180644568888064327e+01 7.613066968435849446e+01 7.223260923392565758e+01 7.673949983234385286e+01 6.799457954388890357e+01 7.494488834623142282e+01 6.677487002414775930e+01 7.465610455065326789e+01 7.500527571018903927e+01 6.638798781419720285e+01 7.018588172872347286e+01 7.128201963018041454e+01 6.909500959296701694e+01 6.518862009968304960e+01 6.492729090819473470e+01 6.045844284930849710e+01 6.716484145892039237e+01 6.777118687609502956e+01 6.117098924863615395e+01 6.720197101261653927e+01 7.099886455412210751e+01 7.341976968595110975e+01 6.950891952912081706e+01 6.732826929137914362e+01 8.032590743838902370e+01
7.805513125060379309e+01 7.197401376006625640e+01 7.061257350099779728e+01 1.759438685219367926e+02 7.386531178544852594e+01 7.466755144670409550e+01 7.442708240910984330e+01 7.326286452870209587e+01 7.510557554091158750e+01 7.531475516422953831e+01 8.521399238834214884e+01 8.110115137807044050e+01 8.265458769389194060e+01 4.503615062186121776e+01 3.111762427786769436e+01 6.664358684930765264e+01 8.345827431487977321e+01 8.293486726780248830e+01 8.042249417184756055e+01 8.865243799934418689e+01 8.047398234279332030e+01 6.762085087055172039e+01 7.609860645957201086e+01 6.324211485442785374e+01 8.615631964884595106e+01 6.407166288228468431e+01 7.333600127570392146e+01 7.916620352647633752e+01 7.628301851542460099e+01 8.644894932153182765e+01 7.624519626094567570e+01 7.951794836437171909e+01 8.307158675916572577e+01 9.604669462073722741e+01 6.054167023719586638e+01 7.270606622073150049e+01
7.623474433645793624e+01 6.916292723251234520e+01 7.154843730276509461e+01 7.386531178544852594e+01 1.624871584602987298e+02 7.306206149662045846e+01 6.485355717565984435e+01 7.645906144876458654e+01 6.976529893742487332e+01 7.643945914371217043e+01 6.967715591490028260e+01 7.203612993739130843e+01 6.629717692611102109e+01 5.366419567739555418e+01 8.695941813000223419e+01 6.348482837390479716e+01 7.569251772531649181e+01 6.860998762844540977e+01 7.904956762192459507e+01 7.855823903542535902e+01 6.987063086408646484e+01 7.250662268439589297e+01 7.103558819610512387e+01 7.257524666461684149e+01 6.934040551558919674e+01 6.843281709585657779e+01 6.153231543995629949e+01 7.026373620394045361e+01 6.986237819749450750e+01 5.969477840598387530e+01 6.930773818757288041e+01 7.460354076611767482e+01 7.779197093804324936e+01 7.035256992485331295e+01 8.229612994118004110e+01 7.002907265604336828e+01
7.291607188234151238e+01 7.196914257017421335e+01 7.537018073827773890e+01 7.466755144670409550e+01 7.306206149662045846e+01 1.781799579395215574e+02 7.016514017742743192e+01 8.116387596517762404e+01 7.509300041131101011e+01 7.553807161228580469e+01 7.083000106919870120e+01 7.492330026969733581e+01 8.300913133013914091e+01 7.668881690756812475e+01 7.271149443947675195e+01 7.402610115918055556e+01 7.940630925669380247e+01 7.076635281002083389e+01 8.311920640562135532e+01 8.263788395393045505e+01 6.970655649722262126e+01 7.211790063454957078e+01 7.402185974611030872e+01 7.047420084279727348e+01 7.081820037584526517e+01 6.676816250309437351e+01 6.462919252442951290e+01 7.132287737427401453e+01 7.099394993183868507e+01 7.012236806504041908e+01 7.082710117181578369e+01 7.418575873279775124e+01 7.616367115002601906e+01 7.677822034131119722e+01 6.605915041679854482e+01 8.524484389083663416e+01
6.836249416073570728e+01 6.639854232866785821e+01 6.668313366356207439e+01 7.442708240910984330e+01 6.485355717565984435e+01 7.016514017742743192e+01 1.752313338128101918e+02 6.946387204441296603e+01 6.879164085732419665e+01 6.850014779658756936e+01 7.206363568217378202e+01 7.188725484550622014e+01 7.800872445752020212e+01 5.666789966496309461e+01 3.834343326174373345e+01 6.228432900900440217e+01 7.334369659524720930e+01 7.063036464135888082e+01 6.920574568568507345e+01 7.579083403258972851e+01 6.886400715030656272e+01 6.217981558224353478e+01 6.835981385762518414e+01 5.891752460222853216e+01 7.241460929804432567e+01 5.712262727523270911e+01 6.432679759468312852e+01 6.911296825601408500e+01 6.720968474999473585e+01 7.401108619832916702e+01 6.723865157887752275e+01 6.931689286262513860e+01 7.287995297533376515e+01 8.101166505645430505e+01 5.350220941358733029e+01 7.247759932616227729e+01
7.496106631965545830e+01 7.410782235654158967e+01 7.831111644327391730e+01 7.326286452870209587e+01 7.645906144876458654e+01 8.116387596517762404e+01 6.946387204441296603e+01 2.177820819878024849e+02 7.703870386430010342e+01 7.964540286392072233e+01 6.833553479852977830e+01 7.557308782479168485e+01 8.136642870945850348e+01 8.284986267499176904e+01 9.107662259168165519e+01 7.521392064879212569e+01 7.828104773198066368e+01 6.879157696780704612e+01 8.268043578467379007e+01 7.929381888923785482e+01 6.946141294080156570e+01 7.616996810507198745e+01 7.472248850986339619e+01 7.553041731872802700e+01 6.820142567922917465e+01 7.047520607867897979e+01 6.265935527870487221e+01 7.070005329240356673e+01 7.118049612871492116e+01 6.363951295221257709e+01 7.164002821345798111e+01 7.454270185154348383e+01 7.723177323498823910e+01 7.094491845231351590e+01 7.433483491183963565e+01 8.785094585256460675e+01
7.130095254527994086e+01 7.046615280463085185e+01 7.173026733654936038e+01 7.510557554091158750e+01 6.976529893742487332e+01 7.509300041131101011e+01 6.879164085732419665e+01 7.703870386430010342e+01 1.300074537191627257e+02 7.309645304052001791e+01 7.189593605317816127e+01 7.479900976180283578e+01 8.185611658953037306e+01 7.006235157675780556e+01 5.840117557552905225e+01 7.032745404429367397e+01 7.822272423531020991e+01 7.172100214428398601e+01 7.847645952311680162e+01 8.041752244267401295e+01 6.971271143770093204e+01 6.828779028114361438e+01 7.209140249387206723e+01 6.555612053876794221e+01 7.094922490487302014e+01 6.365715576684796417e+01 6.538324624350249792e+01 7.150915189532538818e+01 6.963513540607885943e+01 7.160228250522041549e+01 7.015281603419956014e+01 7.224799734354112957e+01 7.493874727845360439e+01 7.966042067983987351e+01 6.048077433203262387e+01 8.143284874904175297e+01
7.555454700944369506e+01 7.125044567582052935e+01 7.381113554488618433e+01 7.531475516422953831e+01 7.643945914371217043e+01 7.553807161228580469e+01 6.850014779658756936e+01 7.964540286392072233e+01 7.309645304052001791e+01 1.612539295660970708e+02 7.121233332934809823e+01 7.508383450858393360e+01 7.548245487110935414e+01 6.331297891412232559e+01 7.520335511624500668e+01 6.673301015693189697e+01 7.770723586571347141e+01 7.141559467945863560e+01 7.747844161169264510e+01 7.913738628667732655e+01 7.095884033527269708e+01 7.279603190249042655e+01 7.239508888274552589e+01 7.047807725550245550e+01 7.152420196486166049e+01 6.747221866345988417e+01 6.382039331434553020e+01 7.155425756002958337e+01 7.108706407851774145e+01 6.530330506849006156e+01 7.121465763769819546e+01 7.412765668604627933e+01 7.952813452418376983e+01 7.431879481462674164e+01 7.392573349640757385e+01 7.622723413044799656e+01
7.432400120097521778e+01 6.755064784459779048e+01 6.600336082993652553e+01 8.521399238834214884e+01 6.967715591490028260e+01 7.083000106919870120e+01 7.206363568217378202e+01 6.833553479852977830e+01 7.189593605317816127e+01 7.121233332934809823e+01 2.595756044841657513e+02 7.960820427387783127e+01 8.272652698760121837e+01 4.385149196204297084e+01 1.660338994018727021e+01 6.427843361973647518e+01 8.186020584094453056e+01 8.239494200096035570e+01 8.000305785250878898e+01 9.117946619428762745e+01 7.805210783374424466e+01 6.323855414435857369e+01 7.364677383237811625e+01 5.787595446168656110e+01 8.550298524446012038e+01 5.961841756371709522e+01 7.339122760949783242e+01 7.753865391815182306e+01 7.330315992074172016e+01 9.081366263069693900e+01 7.521288994810433337e+01 7.788929524732948551e+01 8.018024967564480221e+01 9.747162502972902587e+01 5.469922447780356833e+01 7.163068705924142421e+01
7.482442299767988914e+01 7.149853013328564089e+01 7.180644568888064327e+01 8.110115137807044050e+01 7.203612993739130843e+01 7.492330026969733581e+01 7.188725484550622014e+01 7.557308782479168485e+01 7.479900976180283578e+01 7.508383450858393360e+01 7.960820427387783127e+01 2.314173264317340397e+02 8.247281914088040367e+01 5.913789004725597209e+01 4.498202169407399253e+01 6.864147417457728295e+01 8.135112603783314000e+01 7.782065972274055810e+01 7.791099087686426117e+01 8.402376930530330412e+01 7.486976899136729457e+01 6.882509097687675137e+01 7.518431906091883832e+01 6.655710128872759412e+01 7.779050114754471679e+01 6.498877138759534944e+01 6.930880069996290160e+01 7.530110895193217857e+01 7.346156092786721103e+01 7.937971975111356926e+01 7.430905825700882872e+01 7.647081939841525866e+01 7.950116828635167110e+01 8.737179768207283814e+01 6.113842017567306186e+01 7.855725402460413420e+01
7.229069190062813277e+01 7.608497799724422350e+01 7.613066968435849446e+01 8.265458769389194060e+01 6.629717692611102109e+01 8.300913133013914091e+01 7.800872445752020212e+01 8.136642870945850348e+01 8.185611658953037306e+01 7.548245487110935414e+01 8.272652698760121837e+01 8.247281914088040367e+01 3.431112310005155450e+02 8.500948361395792574e+01 3.431328344568085242e+01 8.766890455490562317e+01 8.681200076954412737e+01 8.179474884815013525e+01 9.366309180853735938e+01 9.893728812660110350e+01 7.527008346848444376e+01 6.906143074861198272e+01 7.837537668982002970e+01 6.405066047046898348e+01 8.100526739646947760e+01 6.336525891947425038e+01 7.393029315407197544e+01 7.862602682271720766e+01 7.465062492307825437e+01 9.613294298720953179e+01 7.723101378840611630e+01 7.845304266598610354e+01 7.907463416541207835e+01 9.649743761963834743e+01 4.664459898665177207e+01 1.017090200969552427e+02
5.038252957549698152e+01 6.434179782812405790e+01 7.223260923392565758e+01 4.503615062186121776e+01 5.366419567739555418e+01 7.668881690756812475e+01 5.666789966496309461e+01 8.284986267499176904e+01 7.006235157675780556e+01 6.331297891412232559e+01 4.385149196204297084e+01 5.913789004725597209e+01 8.500948361395792574e+01 9.159223645591921468e+02 1.152716199490504465e+02 8.655880707884217884e+01 6.457393149846519975e+01 4.344592075827868172e+01 7.361268311208836224e+01 6.097725262831816906e+01 4.203374566277156532e+01 6.382240434486053715e+01 6.229670179460072177e+01 6.834480860890298004e+01 3.589110611029416731e+01 5.980350928358897988e+01 4.294709912144697483e+01 5.075492044367912570e+01 5.113910328829926044e+01 4.249707812118461447e+01 5.438674096766537502e+01 5.474438443586203817e+01 5.013345151603216721e+01 4.240295991377668372e+01 4.627474913200717310e+01 1.142128377970952471e+02
6.330596149731370303e+01 6.100763272628578449e+01 7.673949983234385286e+01 3.111762427786769436e+01 8.695941813000223419e+01 7.271149443947675195e+01 3.834343326174373345e+01 9.107662259168165519e+01 5.840117557552905225e+01 7.520335511624500668e+01 1.660338994018727021e+01 4.498202169407399253e+01 3.431328344568085242e+01 1.152716199490504465e+02 9.943658350474355530e+02 8.571477655129918105e+01 5.307046300331040811e+01 2.182173254810692598e+01 9.827860189764845700e+01 6.090889374122406963e+01 3.222622730299072913e+01 8.470491153985624067e+01 5.466043623523574979e+01 9.730110868175073335e+01 1.464483201694983272e+01 8.028369053524063759e+01 2.088965686388594989e+01 3.595729205439767640e+01 4.713129557995649321e+01 -1.792480604696334012e+01 4.465957232828454693e+01 5.515312373312459471e+01 5.477140120570640391e+01 -2.991181743880011457e+00 1.283175641559168980e+02 9.291893152417921442e+01
6.377639971436412480e+01 6.560107984708523077e+01 6.799457954388890357e+01 6.664358684930765264e+01 6.348482837390479716e+01 7.402610115918055556e+01 6.228432900900440217e+01 7.521392064879212569e+01 7.032745404429367397e+01 6.673301015693189697e+01 6.427843361973647518e+01 6.864147417457728295e+01 8.766890455490562317e+01 8.655880707884217884e+01 8.571477655129918105e+01 5.084465531864356080e+02 7.839936679893416738e+01 6.531470768684033601e+01 1.330145416434493484e+02 1.381119996639593808e+02 6.177195801606946901e+01 6.478013710471350350e+01 6.804610460760773094e+01 6.334586338712993836e+01 6.906961290634077955e+01 6.113778019564191624e+01 5.990156636058217998e+01 6.526771669275150600e+01 6.342203008310162460e+01 8.462505169263593530e+01 6.868425163682339019e+01 7.353781342964879286e+01 6.778473276409381754e+01 8.503002217139636798e+01 5.936617471274060875e+01 1.066873212658190511e+02
7.774263538137894614e+01 7.390106828282699780e+01 7.494488834623142282e+01 8.345827431487977321e+01 7.569251772531649181e+01 7.940630925669380247e+01 7.334369659524720930e+01 7.828104773198066368e+01 7.822272423531020991e+01 7.770723586571347141e+01 8.186020584094453056e+01 8.135112603783314000e+01 8.681200076954412737e+01 6.457393149846519975e+01 5.307046300331040811e+01 7.839936679893416738e+01 1.855281695011207432e+02 8.031834179394834905e+01 9.267813470865826275e+01 1.019843047328490542e+02 7.709082957309367146e+01 7.134686964248764696e+01 7.725820236293493792e+01 6.889038075651627935e+01 8.106166895835687569e+01 6.780287295661452163e+01 7.229097385886927896e+01 7.856114436452091354e+01 7.590298230328284035e+01 8.545232680770412514e+01 7.782913525948343647e+01 7.891373727048701880e+01 8.216127751856494399e+01 9.172975789929826362e+01 6.507139785109869479e+01 8.600830371747551339e+01
7.363357566498204676e+01 6.811716718189627784e+01 6.677487002414775930e+01 8.293486726780248830e+01 6.860998762844540977e+01 7.076635281002083389e+01 7.063036464135888082e+01 6.879157696780704612e+01 7.172100214428398601e+01 7.141559467945863560e+01 8.239494200096035570e+01 7.782065972274055810e+01 8.179474884815013525e+01 4.344592075827868172e+01 2.182173254810692598e+01 6.531470768684033601e+01 8.031834179394834905e+01 1.681763065126962715e+02 7.651769359129380632e+01 8.778172969802332659e+01 7.696241591010169714e+01 6.342083484349027600e+01 7.292318243077335183e+01 5.890224522718561673e+01 8.266570301492323836e+01 5.908846472237355840e+01 7.142895545157809067e+01 7.594920670050881029e+01 7.246216771450519900e+01 8.623041912020325128e+01 7.390546081782343890e+01 7.654629194986836183e+01 7.891114511111416618e+01 9.413850160040816206e+01 5.343593298258751645e+01 6.945033731923726350e+01
7.765184005431927972e+01 7.240607424203268749e+01 7.465610455065326789e+01 8.042249417184756055e+01 7.904956762192459507e+01 8.311920640562135532e+01 6.920574568568507345e+01 8.268043578467379007e+01 7.847645952311680162e+01 7.747844161169264510e+01 8.000305785250878898e+01 7.791099087686426117e+01 9.366309180853735938e+01 7.361268311208836224e+01 9.827860189764845700e+01 1.330145416434493484e+02 9.267813470865826275e+01 7.651769359129380632e+01 7.793161275813816928e+02 1.913026381608336237e+02 7.276315268654958857e+01 7.494343636232743222e+01 7.998678412262536597e+01 7.314391167307056207e+01 8.449324357195111190e+01 7.006861476274450240e+01 6.960405925848327513e+01 7.839920253418071638e+01 7.310187565100370932e+01 1.089227047274557520e+02 8.281351315306906713e+01 8.502235094771756962e+01 8.174571799216396073e+01 1.070478441721468670e+02 7.624895881201605619e+01 1.194102481432943677e+02
8.079616083392953385e+01 7.524744741534370007e+01 7.500527571018903927e+01 8.865243799934418689e+01 7.855823903542535902e+01 8.263788395393045505e+01 7.579083403258972851e+01 7.929381888923785482e+01 8.041752244267401295e+01 7.913738628667732655e+01 9.117946619428762745e+01 8.402376930530330412e+01 9.893728812660110350e+01 6.097725262831816906e+01 6.090889374122406963e+01 1.381119996639593808e+02 1.019843047328490542e+02 8.778172969802332659e+01 1.913026381608336237e+02 7.265240770956679626e+02 8.183205571555249946e+01 7.160562293290587377e+01 8.188263160756891068e+01 6.899211379234611741e+01 9.697636295538011098e+01 6.853020743253644298e+01 7.850391163275847362e+01 8.516847597070800191e+01 7.752978784223978437e+01 1.252830241634385970e+02 9.003348871289631461e+01 8.865286551633694501e+01 8.743891839918761377e+01 1.214252624630122881e+02 7.118265405802380030e+01 1.197062811510486711e+02
7.354669756708969430e+01 6.719713008279458677e+01 6.638798781419720285e+01 8.047398234279332030e+01 6.987063086408646484e+01 6.970655649722262126e+01 6.886400715030656272e+01 6.946141294080156570e+01 6.971271143770093204e+01 7.095884033527269708e+01 7.805210783374424466e+01 7.486976899136729457e+01 7.527008346848444376e+01 4.203374566277156532e+01 3.222622730299072913e+01 6.177195801606946901e+01 7.709082957309367146e+01 7.696241591010169714e+01 7.276315268654958857e+01 8.183205571555249946e+01 1.416061550202857404e+02 6.396056401660470669e+01 7.102235586603364936e+01 5.982998608004396601e+01 7.944074266915561111e+01 5.991870380936964580e+01 6.847935905376870380e+01 7.355075569635646104e+01 7.140648302723624852e+01 7.812930156487524869e+01 7.163925874669132554e+01 7.423487773710972704e+01 7.830566588260657568e+01 8.667329353810033865e+01 5.999625191417955961e+01 6.550497707217620302e+01
6.995982555762765287e+01 6.678469716319725080e+01 7.018588172872347286e+01 6.762085087055172039e+01 7.250662268439589297e+01 7.211790063454957078e+01 6.217981558224353478e+01 7.616996810507198745e+01 6.828779028114361438e+01 7.279603190249042655e+01 6.323855414435857369e+01 6.882509097687675137e+01 6.906143074861198272e+01 6.382240434486053715e+01 8.470491153985624067e+01 6.478013710471350350e+01 7.134686964248764696e+01 6.342083484349027600e+01 7.494343636232743222e+01 7.160562293290587377e+01 6.396056401660470669e+01 1.272288935294541119e+02 6.820585368274682025e+01 6.962091109452397575e+01 6.207448916875060263e+01 6.502772121764172653e+01 5.719913161669716573e+01 6.528308173060122499e+01 6.581794282437236632e+01 5.590116861311472007e+01 6.526301542736966610e+01 6.924070119405838852e+01 7.231710406967835070e+01 6.425498251628189905e+01 7.210029200486340528e+01 7.452697478726031477e+01
7.268227066554315741e+01 6.959178034209139696e+01 7.128201963018041454e+01 7.609860645957201086e+01 7.103558819610512387e+01 7.402185974611030872e+01 6.835981385762518414e+01 7.472248850986339619e+01 7.209140249387206723e+01 7.239508888274552589e+01 7.364677383237811625e+01 7.518431906091883832e+01 7.837537668982002970e+01 6.229670179460072177e+01 5.466043623523574979e+01 6.804610460760773094e+01 7.725820236293493792e+01 7.292318243077335183e+01 7.998678412262536597e+01 8.188263160756891068e+01 7.102235586603364936e+01 6.820585368274682025e+01 1.633019275076117651e+02 6.594306656132654609e+01 7.383009334696778581e+01 6.306885348452288298e+01 6.554377831780270469e+01 7.226488967263709640e+01 7.015793503321489766e+01 7.369767498140718942e+01 7.109261502252955722e+01 7.485769295729333805e+01 7.650528674205739321e+01 8.085620933938550081e+01 6.417791529151779173e+01 7.765829195457958178e+01
6.808231410663528038e+01 6.491090864460089449e+01 6.909500959296701694e+01 6.324211485442785374e+01 7.257524666461684149e+01 7.047420084279727348e+01 5.891752460222853216e+01 7.553041731872802700e+01 6.555612053876794221e+01 7.047807725550245550e+01 5.787595446168656110e+01 6.655710128872759412e+01 6.405066047046898348e+01 6.834480860890298004e+01 9.730110868175073335e+01 6.334586338712993836e+01 6.889038075651627935e+01 5.890224522718561673e+01 7.314391167307056207e+01 6.899211379234611741e+01 5.982998608004396601e+01 6.962091109452397575e+01 6.594306656132654609e+01 1.233400897897753339e+02 5.694415654964786455e+01 6.531954610606743472e+01 5.238971695551480678e+01 6.149181861771467084e+01 6.233984239614396472e+01 4.739768654524763036e+01 6.261543431865684539e+01 6.628737718855302319e+01 6.872509030138157016e+01 5.765532032121266326e+01 7.563686281831867575e+01 7.346703796797257269e+01
7.488662971739255170e+01 6.827364073248391207e+01 6.518862009968304960e+01 8.615631964884595106e+01 6.934040551558919674e+01 7.081820037584526517e+01 7.241460929804432567e+01 6.820142567922917465e+01 7.094922490487302014e+01 7.152420196486166049e+01 8.550298524446012038e+01 7.779050114754471679e+01 8.100526739646947760e+01 3.589110611029416731e+01 1.464483201694983272e+01 6.906961290634077955e+01 8.106166895835687569e+01 8.266570301492323836e+01 8.449324357195111190e+01 9.697636295538011098e+01 7.944074266915561111e+01 6.207448916875060263e+01 7.383009334696778581e+01 5.694415654964786455e+01 1.941544287046775992e+02 5.853963345553663800e+01 7.319526346075241463e+01 7.770465430606957113e+01 7.425321813808302807e+01 9.308826025718165909e+01 7.506386136811462961e+01 7.874753669820644575e+01 8.129858725652131568e+01 9.906743409430650615e+01 5.379735649655383156e+01 6.998803655009788827e+01
6.598377421948035249e+01 6.248943091164019847e+01 6.492729090819473470e+01 6.407166288228468431e+01 6.843281709585657779e+01 6.676816250309437351e+01 5.712262727523270911e+01 7.047520607867897979e+01 6.365715576684796417e+01 6.747221866345988417e+01 5.961841756371709522e+01 6.498877138759534944e+01 6.336525891947425038e+01 5.980350928358897988e+01 8.028369053524063759e+01 6.113778019564191624e+01 6.780287295661452163e+01 5.908846472237355840e+01 7.006861476274450240e+01 6.853020743253644298e+01 5.991870380936964580e+01 6.502772121764172653e+01 6.306885348452288298e+01 6.531954610606743472e+01 5.853963345553663800e+01 1.193253933966727232e+02 5.331310020107178360e+01 6.135872434496153716e+01 6.138963217558099927e+01 5.206147388012997368e+01 6.139176024281571387e+01 6.481353571397167457e+01 6.709296555663790684e+01 6.079853225632869851e+01 6.901173567871836667e+01 6.777515348388646999e+01
6.535130766267775471e+01 6.175190857651617193e+01 6.045844284930849710e+01 7.333600127570392146e+01 6.153231543995629949e+01 6.462919252442951290e+01 6.432679759468312852e+01 6.265935527870487221e+01 6.538324624350249792e+01 6.382039331434553020e+01 7.339122760949783242e+01 6.930880069996290160e+01 7.393029315407197544e+01 4.294709912144697483e+01 2.088965686388594989e+01 5.990156636058217998e+01 7.229097385886927896e+01 7.142895545157809067e+01 6.960405925848327513e+01 7.850391163275847362e+01 6.847935905376870380e+01 5.719913161669716573e+01 6.554377831780270469e+01 5.238971695551480678e+01 7.319526346075241463e+01 5.331310020107178360e+01 1.403927452006215049e+02 6.787491449678036304e+01 6.487905868388706665e+01 7.803568783535853015e+01 6.568199598138973272e+01 6.792892406305126940e+01 7.036983518363506107e+01 8.381001490091058770e+01 4.783124245425455712e+01 6.504005222906890538e+01
7.261358792271427376e+01 6.813433955003905851e+01 6.716484145892039237e+01 7.916620352647633752e+01 7.026373620394045361e+01 7.132287737427401453e+01 6.911296825601408500e+01 7.070005329240356673e+01 7.150915189532538818e+01 7.155425756002958337e+01 7.753865391815182306e+01 7.530110895193217857e+01 7.862602682271720766e+01 5.075492044367912570e+01 3.595729205439767640e+01 6.526771669275150600e+01 7.856114436452091354e+01 7.594920670050881029e+01 7.839920253418071638e+01 8.516847597070800191e+01 7.355075569635646104e+01 6.528308173060122499e+01 7.226488967263709640e+01 6.149181861771467084e+01 7.770465430606957113e+01 6.135872434496153716e+01 6.787491449678036304e+01 1.561799436274087327e+02 7.132129148449891431e+01 7.838446852390860897e+01 7.144145816032117580e+01 7.385666253551698901e+01 7.683763712816981695e+01 8.654534490756438458e+01 5.896447558101721143e+01 7.293714640127821269e+01
7.166549918773986860e+01 6.708204921022283429e+01 6.777118687609502956e+01 7.628301851542460099e+01 6.986237819749450750e+01 7.099394993183868507e+01 6.720968474999473585e+01 7.118049612871492116e+01 6.963513540607885943e+01 7.108706407851774145e+01 7.330315992074172016e+01 7.346156092786721103e+01 7.465062492307825437e+01 5.113910328829926044e+01 4.713129557995649321e+01 6.342203008310162460e+01 7.590298230328284035e+01 7.246216771450519900e+01 7.310187565100370932e+01 7.752978784223978437e+01 7.140648302723624852e+01 6.581794282437236632e+01 7.015793503321489766e+01 6.233984239614396472e+01 7.425321813808302807e+01 6.138963217558099927e+01 6.487905868388706665e+01 7.132129148449891431e+01 1.239594236386901969e+02 7.172563177490395958e+01 6.899125936030274886e+01 7.241074298903842532e+01 7.538284622858846262e+01 8.048320438607484562e+01 6.248900374464977858e+01 6.983723522381527005e+01
6.829886672319405250e+01 6.600287582464659408e+01 6.117098924863615395e+01 8.644894932153182765e+01 5.969477840598387530e+01 7.012236806504041908e+01 7.401108619832916702e+01 6.363951295221257709e+01 7.160228250522041549e+01 6.530330506849006156e+01 9.081366263069693900e+01 7.937971975111356926e+01 9.613294298720953179e+01 4.249707812118461447e+01 -1.792480604696334012e+01 8.462505169263593530e+01 8.545232680770412514e+01 8.623041912020325128e+01 1.089227047274557520e+02 1.252830241634385970e+02 7.812930156487524869e+01 5.590116861311472007e+01 7.369767498140718942e+01 4.739768654524763036e+01 9.308826025718165909e+01 5.206147388012997368e+01 7.803568783535853015e+01 7.838446852390860897e+01 7.172563177490395958e+01 3.566445398897772066e+02 7.654147260681739340e+01 7.988382225587675123e+01 7.819314441848072761e+01 1.127093670912664010e+02 3.196449122421623201e+01 8.347240184594654977e+01
7.128713998684688136e+01 6.785053707046495219e+01 6.720197101261653927e+01 7.624519626094567570e+01 6.930773818757288041e+01 7.082710117181578369e+01 6.723865157887752275e+01 7.164002821345798111e+01 7.015281603419956014e+01 7.121465763769819546e+01 7.521288994810433337e+01 7.430905825700882872e+01 7.723101378840611630e+01 5.438674096766537502e+01 4.465957232828454693e+01 6.868425163682339019e+01 7.782913525948343647e+01 7.390546081782343890e+01 8.281351315306906713e+01 9.003348871289631461e+01 7.163925874669132554e+01 6.526301542736966610e+01 7.109261502252955722e+01 6.261543431865684539e+01 7.506386136811462961e+01 6.139176024281571387e+01 6.568199598138973272e+01 7.144145816032117580e+01 6.899125936030274886e+01 7.654147260681739340e+01 2.279692873937928823e+02 7.324626819389688137e+01 7.556794466863257753e+01 8.348214571295160624e+01 6.058683505979431771e+01 7.392767417542346209e+01
7.520975376012845004e+01 6.958222505738881125e+01 7.099886455412210751e+01 7.951794836437171909e+01 7.460354076611767482e+01 7.418575873279775124e+01 6.931689286262513860e+01 7.454270185154348383e+01 7.224799734354112957e+01 7.412765668604627933e+01 7.788929524732948551e+01 7.647081939841525866e+01 7.845304266598610354e+01 5.474438443586203817e+01 5.515312373312459471e+01 7.353781342964879286e+01 7.891373727048701880e+01 7.654629194986836183e+01 8.502235094771756962e+01 8.865286551633694501e+01 7.423487773710972704e+01 6.924070119405838852e+01 7.485769295729333805e+01 6.628737718855302319e+01 7.874753669820644575e+01 6.481353571397167457e+01 6.792892406305126940e+01 7.385666253551698901e+01 7.241074298903842532e+01 7.988382225587675123e+01 7.324626819389688137e+01 2.754613656117364258e+02 7.945312405134261269e+01 8.626744617178557917e+01 6.760354217005246369e+01 7.741494759030653938e+01
7.902320111734209718e+01 7.298568467616901501e+01 7.341976968595110975e+01 8.307158675916572577e+01 7.779197093804324936e+01 7.616367115002601906e+01 7.287995297533376515e+01 7.723177323498823910e+01 7.493874727845360439e+01 7.952813452418376983e+01 8.018024967564480221e+01 7.950116828635167110e+01 7.907463416541207835e+01 5.013345151603216721e+01 5.477140120570640391e+01 6.778473276409381754e+01 8.216127751856494399e+01 7.891114511111416618e+01 8.174571799216396073e+01 8.743891839918761377e+01 7.830566588260657568e+01 7.231710406967835070e+01 7.650528674205739321e+01 6.872509030138157016e+01 8.129858725652131568e+01 6.709296555663790684e+01 7.036983518363506107e+01 7.683763712816981695e+01 7.538284622858846262e+01 7.819314441848072761e+01 7.556794466863257753e+01 7.945312405134261269e+01 2.166655523973721813e+02 8.675012403119073667e+01 7.010170227346941374e+01 7.502649572749417928e+01
7.901082897652631232e+01 7.391544078585388888e+01 6.950891952912081706e+01 9.604669462073722741e+01 7.035256992485331295e+01 7.677822034131119722e+01 8.101166505645430505e+01 7.094491845231351590e+01 7.966042067983987351e+01 7.431879481462674164e+01 9.747162502972902587e+01 8.737179768207283814e+01 9.649743761963834743e+01 4.240295991377668372e+01 -2.991181743880011457e+00 8.503002217139636798e+01 9.172975789929826362e+01 9.413850160040816206e+01 1.070478441721468670e+02 1.214252624630122881e+02 8.667329353810033865e+01 6.425498251628189905e+01 8.085620933938550081e+01 5.765532032121266326e+01 9.906743409430650615e+01 6.079853225632869851e+01 8.381001490091058770e+01 8.654534490756438458e+01 8.048320438607484562e+01 1.127093670912664010e+02 8.348214571295160624e+01 8.626744617178557917e+01 8.675012403119073667e+01 4.607443827109565291e+02 4.915008612350749218e+01 8.229130649829927791e+01
7.211885916559603515e+01 6.257408625458734974e+01 6.732826929137914362e+01 6.054167023719586638e+01 8.229612994118004110e+01 6.605915041679854482e+01 5.350220941358733029e+01 7.433483491183963565e+01 6.048077433203262387e+01 7.392573349640757385e+01 5.469922447780356833e+01 6.113842017567306186e+01 4.664459898665177207e+01 4.627474913200717310e+01 1.283175641559168980e+02 5.936617471274060875e+01 6.507139785109869479e+01 5.343593298258751645e+01 7.624895881201605619e+01 7.118265405802380030e+01 5.999625191417955961e+01 7.210029200486340528e+01 6.417791529151779173e+01 7.563686281831867575e+01 5.379735649655383156e+01 6.901173567871836667e+01 4.783124245425455712e+01 5.896447558101721143e+01 6.248900374464977858e+01 3.196449122421623201e+01 6.058683505979431771e+01 6.760354217005246369e+01 7.010170227346941374e+01 4.915008612350749218e+01 3.993839316917981250e+02 6.007685167852521602e+01
6.984416735861066172e+01 7.563480285834155836e+01 8.032590743838902370e+01 7.270606622073150049e+01 7.002907265604336828e+01 8.524484389083663416e+01 7.247759932616227729e+01 8.785094585256460675e+01 8.143284874904175297e+01 7.622723413044799656e+01 7.163068705924142421e+01 7.855725402460413420e+01 1.017090200969552427e+02 1.142128377970952471e+02 9.291893152417921442e+01 1.066873212658190511e+02 8.600830371747551339e+01 6.945033731923726350e+01 1.194102481432943677e+02 1.197062811510486711e+02 6.550497707217620302e+01 7.452697478726031477e+01 7.765829195457958178e+01 7.346703796797257269e+01 6.998803655009788827e+01 6.777515348388646999e+01 6.504005222906890538e+01 7.293714640127821269e+01 6.983723522381527005e+01 8.347240184594654977e+01 7.392767417542346209e+01 7.741494759030653938e+01 7.502649572749417928e+01 8.229130649829927791e+01 6.007685167852521602e+01 9.581990187164826693e+02
