9.705710183963340398e+01 3.136161170746066063e+01 3.341018931640417833e+01 3.926567275276872238e+01 2.915039257718029120e+01 3.292426821301655337e+01 1.929751784812417270e+01 3.238245250508546746e+01 1.394434912045582386e+01 -4.591044138829429500e+01 9.669924631177858032e+01 2.523240279351434978e+01 2.715501046260285634e+01 8.380621798902302189e+00 -3.765309444803125416e+01 -1.442999924154748612e+02 -1.727144420880068054e+01 1.831225785267360351e+01 3.344287537455953441e+01 2.805355129707639605e+01 -3.314128149573123960e-01 6.208368847637835142e-01 -4.182378780627395543e+01 4.005290186598769253e+01 -1.648807242679916953e+02 1.782146703825357648e+01 -5.453634853778592628e+01 1.783762411230604528e+01 -1.415924378951921803e+01 -1.351100514584075762e+00 1.084681264523547561e+01 -2.682238977169743244e+00 -2.813645360834873443e+01 2.467637561366738552e+01 -3.081170952477383906e+01 -9.047103492668819058e+01
3.136161170746066063e+01 1.131731787970548879e+02 2.783261451903965522e+01 3.340266517624501574e+01 2.761781065830113491e+01 3.180055628330224238e+01 1.624705305154823876e+01 2.585131738881408481e+01 1.147571623893265347e+01 -2.548729879559850175e+01 8.311530696712918598e+01 5.428384808579885146e+00 2.094294468780358187e+01 1.184511906946161552e+01 -4.319630847209360525e+01 -1.126285751194887155e+02 -6.146060644920254390e+00 9.977104048030779992e+00 2.625526146053423560e+01 2.235462705888431501e+01 6.358307108271396002e-01 -2.133103691726499385e+00 -4.618894363043435192e+01 3.720044391747898516e+01 -1.389837710639730517e+02 1.650317503736502545e+01 -5.001108857441398925e+01 2.235143931809679785e+01 -1.411915773632150461e+01 -6.207745675270593955e-01 1.161193011386749063e+01 -3.737921412802143184e+00 -1.586668805223956191e+01 1.463216374632427019e+01 -2.728127839714954561e+01 -7.688013720125904626e+01
3.341018931640417833e+01 2.783261451903965522e+01 1.177475299938197537e+02 3.531004569272710114e+01 2.645161764199608712e+01 2.947013574193614005e+01 1.728999433945793385e+01 2.778434193838299393e+01 1.187894564287931587e+01 -3.752628930547103892e+01 8.511309639694978557e+01 1.348296661608285696e+01 2.301297150095745891e+01 8.383787851758334853e+00 -4.003585087329999936e+01 -1.354153542901112246e+02 -1.697910498419046021e+01 1.614322179382897815e+01 2.946106691538460609e+01 2.512092984096271309e+01 -6.711017947474356982e-01 -1.027190969081156702e+00 -4.208403653470796257e+01 3.643464261615464039e+01 -1.543172265537972976e+02 1.642734321201735526e+01 -5.674315966654992849e+01 1.521494385658636794e+01 -1.676953865304633950e+01 -3.861870646326935219e+00 9.857276852857143723e+00 -2.099793425369145705e+00 -2.987637664515198566e+01 1.586834995464156961e+01 -2.972947079922222002e+01 -8.353549444964590975e+01
3.926567275276872238e+01 3.340266517624501574e+01 3.531004569272710114e+01 1.462479036957666665e+02 3.041702532290749517e+01 3.861123930082246858e+01 1.964157386521537774e+01 3.366656215151119369e+01 1.620231927702862862e+01 -4.197362240556866908e+01 1.315563347474532350e+02 5.056485771959984277e+01 2.772105260341234612e+01 8.493528558292007702e+00 -2.936040350215976602e+01 -1.570863810482490521e+02 -2.157509745361273445e+01 1.746235679618048309e+01 3.474225475719253353e+01 2.841567590447845504e+01 -2.305394513507811105e+00 -3.997559155656347368e-02 -4.396618851837926201e+01 4.471759127813673018e+01 -1.826034655502571411e+02 1.937663342815623224e+01 -6.045991146165549424e+01 2.841604914379979974e+01 2.520592952564679745e+00 6.007157565324216186e+00 9.921767008472757610e+00 -5.714689619231929640e+00 -6.270417380235792315e+00 4.552934458352300595e+01 -3.613608757031614971e+01 -1.021366193239281017e+02
2.915039257718029120e+01 2.761781065830113491e+01 2.645161764199608712e+01 3.041702532290749517e+01 7.837438132719681505e+01 3.169733942694138307e+01 1.545509506641173125e+01 2.430157486032350178e+01 1.118868683017487164e+01 -1.480659822920144286e+01 8.672695883369313208e+01 1.924243506951131621e+01 1.994895013692059038e+01 1.252792207747740605e+01 -2.895818108462002627e+01 -9.194757928257513413e+01 -1.545844936913377321e+00 9.208256381187760908e+00 2.455408216272891408e+01 2.079186729177698822e+01 1.623464889039759163e+00 5.801691356130961319e-01 -3.707216814227991364e+01 3.562614781824133559e+01 -1.148562501046574482e+02 1.743918059199161164e+01 -4.009643234001075029e+01 2.698080896035735421e+01 -1.891580452723782724e+00 4.232017535017365439e+00 1.274532359803987802e+01 -1.594165408422261621e+00 1.273485343503129308e-01 2.289853263185528576e+01 -1.819803158127468734e+01 -6.447443275333091606e+01
3.292426821301655337e+01 3.180055628330224238e+01 2.947013574193614005e+01 3.861123930082246858e+01 3.169733942694138307e+01 1.431454904561668684e+02 1.976807117894917454e+01 3.360189321715012056e+01 1.948958015094936513e+01 4.384684122104737014e+01 1.677521578792661501e+02 1.298198727740812615e+02 3.268451211687803237e+01 1.814218644108929013e+01 3.802111006164155071e+01 -6.379473509727904457e+01 9.905946251930959789e+00 1.406788903570056171e+01 3.031968582956776714e+01 2.650640139024595854e+01 6.783014331023461629e+00 1.588261001966840702e+01 -9.430852043323064038e+00 4.617348124819379507e+01 -9.243684301288014638e+01 2.708804777531640795e+01 -2.664926144170771138e+01 6.440791075960351009e+01 7.223206157707514308e+01 3.663126045910949102e+01 2.016920230658478275e+01 8.075829553143137218e+00 7.817639514330343786e+01 8.600820895666318222e+01 1.734297176482628711e-01 -5.240656117025212524e+01
1.929751784812417270e+01 1.624705305154823876e+01 1.728999433945793385e+01 1.964157386521537774e+01 1.545509506641173125e+01 1.976807117894917454e+01 7.702434571689111920e+01 1.712781691628941871e+01 1.020539462560639166e+01 -1.025850141047663122e+01 5.363031541449780804e+01 2.994178485705695181e+01 1.603564300183055735e+01 9.282949489195731374e+00 -3.178395285727823705e+00 -4.833224633074133436e+01 5.407056404884792444e-01 1.156312587865748931e+01 1.796731542331516351e+01 1.475520224194629115e+01 4.648901298721483499e+00 1.002041079940220669e+01 -7.905102761049607629e+00 1.968460852683633888e+01 -5.483366553799015009e+01 1.189425133523869249e+01 -1.758864249544627256e+01 1.564773686342430459e+01 1.100493295694093732e+01 8.051873619263318460e+00 9.899571887938934722e+00 3.816553545932836577e+00 5.514817869467304234e+00 1.708752832600463734e+01 -5.494745890888598439e+00 -3.106729514392257485e+01
3.238245250508546746e+01 2.585131738881408481e+01 2.778434193838299393e+01 3.366656215151119369e+01 2.430157486032350178e+01 3.360189321715012056e+01 1.712781691628941871e+01 1.009079626952871962e+02 1.650938038706022581e+01 -9.711430933306196778e+00 1.145503804088410789e+02 9.265746080974382437e+01 2.969642954748571384e+01 1.008810056016109513e+01 1.996715014856053472e+01 -8.499123972492860446e+01 -5.312148332010586671e+00 2.090461227852178183e+01 2.999265102358662105e+01 2.500346612931715384e+01 4.491366945718723080e+00 1.243781391747060461e+01 -8.929499958362892897e+00 3.602419770704754853e+01 -1.074800705092663833e+02 1.936552817887498534e+01 -2.670301841425399303e+01 3.410823668444325563e+01 3.554724544460641056e+01 1.856089733796976304e+01 1.209225851008573649e+01 5.913025668683254743e+00 1.980572472811124030e+01 5.393799520121915236e+01 -1.003172418518259335e+01 -5.302275540886093097e+01
1.394434912045582386e+01 1.147571623893265347e+01 1.187894564287931587e+01 1.620231927702862862e+01 1.118868683017487164e+01 1.948958015094936513e+01 1.020539462560639166e+01 1.650938038706022581e+01 7.692941292703727640e+01 2.297189511188557631e+01 6.771264229717773730e+01 1.010720354051702259e+02 1.934341588704534587e+01 1.059065446524324550e+01 5.503621806586574650e+01 1.191363141294961281e+01 1.220959209141499180e+01 1.614370314145790530e+01 1.599593515340388272e+01 1.264807925877209094e+01 9.285593712080418172e+00 2.237837763615722153e+01 2.865547122061247265e+01 1.625030636833146502e+01 6.129764147722760903e+00 1.254033850183558663e+01 1.538943234983360142e+01 2.957438584730074993e+01 5.505390017533213154e+01 2.810492965938102472e+01 8.998163381130050098e+00 1.211203499329607602e+01 5.781932341685990195e+01 5.675712185096363527e+01 1.524532957660529142e+01 5.035961658657892137e+00
-4.591044138829429500e+01 -2.548729879559850175e+01 -3.752628930547103892e+01 -4.197362240556866908e+01 -1.480659822920144286e+01 4.384684122104737014e+01 -1.025850141047663122e+01 -9.711430933306196778e+00 2.297189511188557631e+01 4.779313570148433428e+03 1.805455078591318454e+02 5.643441401506568127e+02 4.310268306517716042e+01 3.871771081811771609e+01 4.957743157376685872e+02 6.212403587006768930e+02 1.727656150297589477e+02 2.197145845952044496e+01 -2.631659522750416258e+01 -1.129832854832780775e+01 5.236640578693433667e+01 1.091618673785673082e+02 2.768046046536020413e+02 -6.253131722885220123e-01 6.545628308554706791e+02 3.800091295517548673e+01 2.482654233499419263e+02 1.998156974877561254e+02 4.491398514277752270e+02 1.921911778232274060e+02 4.673570352084848878e+01 8.370056307832031450e+01 5.460942911814181571e+02 2.946490865985808227e+02 2.371700888366382856e+02 3.485463647531360039e+02
9.669924631177858032e+01 8.311530696712918598e+01 8.511309639694978557e+01 1.315563347474532350e+02 8.672695883369313208e+01 1.677521578792661501e+02 5.363031541449780804e+01 1.145503804088410789e+02 6.771264229717773730e+01 1.805455078591318454e+02 1.236688963690580977e+03 7.444912297885389307e+02 1.021407586336540021e+02 2.661237661177579028e+01 3.105077850960295791e+02 -2.737160251382634897e+02 -2.670069336254050896e+01 5.418864078939566298e+01 8.953573123418750868e+01 8.468311620949347684e+01 7.625576449375258470e+00 4.750578112136118847e+01 3.937698220104287117e+01 1.506443215987708300e+02 -3.548068381708768015e+02 8.950993912934501395e+01 -1.079010428577314258e+02 2.713691854680841971e+02 4.437204028327277001e+02 1.704227658942972141e+02 4.921417584517164556e+01 2.943175852369016710e+01 4.016883833101761070e+02 4.445667930184097827e+02 1.263898453983427483e+00 -1.776492079688889305e+02
2.523240279351434978e+01 5.428384808579885146e+00 1.348296661608285696e+01 5.056485771959984277e+01 1.924243506951131621e+01 1.298198727740812615e+02 2.994178485705695181e+01 9.265746080974382437e+01 1.010720354051702259e+02 5.643441401506568127e+02 7.444912297885389307e+02 2.316166506267512432e+03 1.497047206640499155e+02 4.001431177430472275e+01 1.069291652329805629e+03 6.215543619617604918e+02 1.511491367922745894e+02 1.303020332830962786e+02 6.089784695176349771e+01 5.697153922052118702e+01 8.435312073977281955e+01 2.268433357754240092e+02 5.057578942757120899e+02 7.523202941960465751e+01 5.748484070069935115e+02 8.872097692465368368e+01 3.489884666661001233e+02 3.842261497868286710e+02 9.174130158681800822e+02 3.788720676082161845e+02 5.984876687802148609e+01 1.554860709310173945e+02 9.187058927660023073e+02 7.956225338005687036e+02 3.160677254863657026e+02 3.802467116320270861e+02
2.715501046260285634e+01 2.094294468780358187e+01 2.301297150095745891e+01 2.772105260341234612e+01 1.994895013692059038e+01 3.268451211687803237e+01 1.603564300183055735e+01 2.969642954748571384e+01 1.934341588704534587e+01 4.310268306517716042e+01 1.021407586336540021e+02 1.497047206640499155e+02 2.623831586189171503e+02 1.318330112255489084e+01 8.826382757823330394e+01 -1.718822054641039043e-01 1.670521842719709227e+01 2.958077274943896740e+01 2.889218135695511336e+01 2.453782307716064537e+01 1.265941387864263667e+01 3.005791333821341027e+01 3.355158004181063092e+01 3.181044342811813053e+01 -2.010578201406610788e+01 2.201559793489501615e+01 1.671535610201162214e+01 4.714109368434832703e+01 7.290964780182648042e+01 3.729925555008402682e+01 1.667924496811328439e+01 1.920975053334508686e+01 7.084146471176572391e+01 8.560490963773852968e+01 2.358635865631860185e+01 -1.890198556971009358e+00
8.380621798902302189e+00 1.184511906946161552e+01 8.383787851758334853e+00 8.493528558292007702e+00 1.252792207747740605e+01 1.814218644108929013e+01 9.282949489195731374e+00 1.008810056016109513e+01 1.059065446524324550e+01 3.871771081811771609e+01 2.661237661177579028e+01 4.001431177430472275e+01 1.318330112255489084e+01 1.827645922890646091e+02 2.432514651069049805e+01 4.915238970378667460e+01 2.981578679285902567e+01 7.267166092451565973e+00 1.001065131953030019e+01 7.517644965580625005e+00 1.174736004840164938e+01 2.099927550930807385e+01 1.656273419274606340e+01 1.204231493952975818e+01 3.845933555166946149e+01 1.160371942440146675e+01 2.166754537074013598e+01 2.799141038918127222e+01 3.592799605010782216e+01 2.188027136516116755e+01 1.330557843749968860e+01 1.079688861547483292e+01 4.927632704599292879e+01 2.312726544283240315e+01 1.986406330097551631e+01 2.091863757345461750e+01
-3.765309444803125416e+01 -4.319630847209360525e+01 -4.003585087329999936e+01 -2.936040350215976602e+01 -2.895818108462002627e+01 3.802111006164155071e+01 -3.178395285727823705e+00 1.996715014856053472e+01 5.503621806586574650e+01 4.957743157376685872e+02 3.105077850960295791e+02 1.069291652329805629e+03 8.826382757823330394e+01 2.432514651069049805e+01 3.193067322614949262e+03 7.649378439682127464e+02 1.651431257213044148e+02 8.023683848101708804e+01 9.405366015996009521e-01 4.876446906014439087e+00 7.608238099231701312e+01 1.802795485119595469e+02 4.573383656473200176e+02 -8.076218346909184831e+00 7.610561729800738249e+02 4.257023919528956668e+01 4.082533171018703797e+02 2.394220669068410245e+02 6.695332266399412902e+02 2.809097528653649078e+02 3.163909080518715911e+01 1.391161064157451506e+02 6.964561430906506985e+02 5.359227475583304567e+02 3.303887199859006500e+02 4.784496971647337205e+02
-1.442999924154748612e+02 -1.126285751194887155e+02 -1.354153542901112246e+02 -1.570863810482490521e+02 -9.194757928257513413e+01 -6.379473509727904457e+01 -4.833224633074133436e+01 -8.499123972492860446e+01 1.191363141294961281e+01 6.212403587006768930e+02 -2.737160251382634897e+02 6.215543619617604918e+02 -1.718822054641039043e-01 4.915238970378667460e+01 7.649378439682127464e+02 2.308501843980542617e+03 3.244051103606267930e+02 1.405234942585907021e+01 -9.664139436654463111e+01 -8.279973227660272528e+01 9.978649768129132269e+01 1.975872738697662498e+02 5.266076857757477683e+02 -1.368696466897161486e+02 1.453480728215571389e+03 -1.112828855918748694e+01 6.473088148303252183e+02 1.425321232412184145e+02 5.169645920929125396e+02 2.421450860398689713e+02 2.761270465234020222e+01 1.381971343308105418e+02 7.052409544394736258e+02 2.930067804704945615e+02 4.390215303648997747e+02 7.929728565990801599e+02
-1.727144420880068054e+01 -6.146060644920254390e+00 -1.697910498419046021e+01 -2.157509745361273445e+01 -1.545844936913377321e+00 9.905946251930959789e+00 5.407056404884792444e-01 -5.312148332010586671e+00 1.220959209141499180e+01 1.727656150297589477e+02 -2.670069336254050896e+01 1.511491367922745894e+02 1.670521842719709227e+01 2.981578679285902567e+01 1.651431257213044148e+02 3.244051103606267930e+02 3.332169221414909543e+02 5.688331142260175000e+00 -8.330045067870997855e+00 -7.850221095834612584e+00 3.199353379180094237e+01 5.565345387043905134e+01 1.059378883369925148e+02 -1.055876978677262201e+01 3.292596043093191724e+02 1.084866231010678561e+01 1.512456761312269009e+02 6.099651355745094605e+01 1.304296881796544767e+02 6.903598450542543219e+01 2.311423275710131620e+01 3.839871898671934503e+01 1.924274948150128637e+02 7.980842168161134964e+01 1.130293509268297498e+02 1.771956477874932148e+02
1.831225785267360351e+01 9.977104048030779992e+00 1.614322179382897815e+01 1.746235679618048309e+01 9.208256381187760908e+00 1.406788903570056171e+01 1.156312587865748931e+01 2.090461227852178183e+01 1.614370314145790530e+01 2.197145845952044496e+01 5.418864078939566298e+01 1.303020332830962786e+02 2.958077274943896740e+01 7.267166092451565973e+00 8.023683848101708804e+01 1.405234942585907021e+01 5.688331142260175000e+00 1.785778846742125268e+02 2.163250842052508460e+01 1.799262479030073436e+01 1.018168389065023227e+01 2.970676541634861678e+01 4.656072318920467978e+01 1.651506028061524134e+01 1.641643349386625061e+01 1.309658592579430803e+01 2.882670469983403549e+01 2.278237662108210770e+01 5.588630746836963681e+01 2.730749271805690270e+01 7.314253082996239996e+00 1.784229841634660829e+01 4.389713229197271005e+01 6.456643056212681131e+01 2.156903154866576600e+01 1.441387957265066788e+01
3.344287537455953441e+01 2.625526146053423560e+01 2.946106691538460609e+01 3.474225475719253353e+01 2.455408216272891408e+01 3.031968582956776714e+01 1.796731542331516351e+01 2.999265102358662105e+01 1.599593515340388272e+01 -2.631659522750416258e+01 8.953573123418750868e+01 6.089784695176349771e+01 2.889218135695511336e+01 1.001065131953030019e+01 9.405366015996009521e-01 -9.664139436654463111e+01 -8.330045067870997855e+00 2.163250842052508460e+01 1.019481608627747704e+02 2.595341832300168150e+01 4.233765651309247424e+00 1.211908280373584823e+01 -1.502589506859412971e+01 3.342260189561589812e+01 -1.100080076380903051e+02 1.755370889193919126e+01 -2.949174910568548569e+01 2.171656922127654354e+01 1.080600854539368072e+01 9.339573069179191833e+00 1.113521787902439009e+01 4.344286112210120621e+00 -9.354511914620042834e-01 3.707975209045937248e+01 -1.450224647577303472e+01 -6.041727762387503020e+01
2.805355129707639605e+01 2.235462705888431501e+01 2.512092984096271309e+01 2.841567590447845504e+01 2.079186729177698822e+01 2.650640139024595854e+01 1.475520224194629115e+01 2.500346612931715384e+01 1.264807925877209094e+01 -1.129832854832780775e+01 8.468311620949347684e+01 5.697153922052118702e+01 2.453782307716064537e+01 7.517644965580625005e+00 4.876446906014439087e+00 -8.279973227660272528e+01 -7.850221095834612584e+00 1.799262479030073436e+01 2.595341832300168150e+01 9.298222561422460331e+01 2.875749614544761190e+00 7.374112759042412257e+00 -1.276316516988672234e+01 3.119001126836861104e+01 -9.797816229017240630e+01 1.633623807398473105e+01 -3.003369933789357304e+01 2.255076956346172068e+01 1.459613427863502544e+01 9.477530919725303704e+00 9.496629360294800648e+00 4.360302887607055311e+00 -2.995505542221325434e-03 3.606107906613539882e+01 -1.271614772394163317e+01 -4.978142638313676116e+01
-3.314128149573123960e-01 6.358307108271396002e-01 -6.711017947474356982e-01 -2.305394513507811105e+00 1.623464889039759163e+00 6.783014331023461629e+00 4.648901298721483499e+00 4.491366945718723080e+00 9.285593712080418172e+00 5.236640578693433667e+01 7.625576449375258470e+00 8.435312073977281955e+01 1.265941387864263667e+01 1.174736004840164938e+01 7.608238099231701312e+01 9.978649768129132269e+01 3.199353379180094237e+01 1.018168389065023227e+01 4.233765651309247424e+00 2.875749614544761190e+00 7.976479111028611158e+01 2.870344909025493152e+01 5.004422025635568616e+01 -8.901614675518255693e-01 9.926837956734397039e+01 7.082890819439643160e+00 4.976967296989862888e+01 2.384716472737253312e+01 6.113678391097020182e+01 2.932137969247462550e+01 1.080683989357077479e+01 1.910465079481607020e+01 6.608496307796997371e+01 3.691074765269780755e+01 4.015392708801890365e+01 6.103284996217944069e+01
6.208368847637835142e-01 -2.133103691726499385e+00 -1.027190969081156702e+00 -3.997559155656347368e-02 5.801691356130961319e-01 1.588261001966840702e+01 1.002041079940220669e+01 1.243781391747060461e+01 2.237837763615722153e+01 1.091618673785673082e+02 4.750578112136118847e+01 2.268433357754240092e+02 3.005791333821341027e+01 2.099927550930807385e+01 1.802795485119595469e+02 1.975872738697662498e+02 5.565345387043905134e+01 2.970676541634861678e+01 1.211908280373584823e+01 7.374112759042412257e+00 2.870344909025493152e+01 1.917546714052304537e+02 1.218797630141024229e+02 -2.297754099684953033e+00 2.104018070257192221e+02 1.623472066303127903e+01 1.130811076026134288e+02 5.467339440966815545e+01 1.498971000138778891e+02 7.185054072023281435e+01 1.684790928260546750e+01 3.973642560962423431e+01 1.630051439728214859e+02 1.061164026646901704e+02 8.193499536523366089e+01 1.193938849289102961e+02
-4.182378780627395543e+01 -4.618894363043435192e+01 -4.208403653470796257e+01 -4.396618851837926201e+01 -3.707216814227991364e+01 -9.430852043323064038e+00 -7.905102761049607629e+00 -8.929499958362892897e+00 2.865547122061247265e+01 2.768046046536020413e+02 3.937698220104287117e+01 5.057578942757120899e+02 3.355158004181063092e+01 1.656273419274606340e+01 4.573383656473200176e+02 5.266076857757477683e+02 1.059378883369925148e+02 4.656072318920467978e+01 -1.502589506859412971e+01 -1.276316516988672234e+01 5.004422025635568616e+01 1.218797630141024229e+02 7.057188773307914289e+02 -4.385633878310836309e+01 5.750145335537609981e+02 8.292465026773486514e+00 2.719582092751901428e+02 9.562564395710572285e+01 3.502002760674055253e+02 1.524355347268199523e+02 1.300659175836330483e+01 8.127243650356702176e+01 3.764996460166406109e+02 2.364988804031970062e+02 1.895644155441114265e+02 3.322697090100916171e+02
4.005290186598769253e+01 3.720044391747898516e+01 3.643464261615464039e+01 4.471759127813673018e+01 3.562614781824133559e+01 4.617348124819379507e+01 1.968460852683633888e+01 3.602419770704754853e+01 1.625030636833146502e+01 -6.253131722885220123e-01 1.506443215987708300e+02 7.523202941960465751e+01 3.181044342811813053e+01 1.204231493952975818e+01 -8.076218346909184831e+00 -1.368696466897161486e+02 -1.055876978677262201e+01 1.651506028061524134e+01 3.342260189561589812e+01 3.119001126836861104e+01 -8.901614675518255693e-01 -2.297754099684953033e+00 -4.385633878310836309e+01 1.593220872414925964e+02 -1.660711974354006486e+02 2.539418958160358741e+01 -5.915301894690777118e+01 4.644629169491507525e+01 2.106546049700689949e+01 1.300084067828878176e+01 1.517771617940608841e+01 -1.183552878229729544e+00 1.828217487873632763e+01 6.306282317596503617e+01 -2.435078496455346908e+01 -9.343837896866592985e+01
-1.648807242679916953e+02 -1.389837710639730517e+02 -1.543172265537972976e+02 -1.826034655502571411e+02 -1.148562501046574482e+02 -9.243684301288014638e+01 -5.483366553799015009e+01 -1.074800705092663833e+02 6.129764147722760903e+00 6.545628308554706791e+02 -3.548068381708768015e+02 5.748484070069935115e+02 -2.010578201406610788e+01 3.845933555166946149e+01 7.610561729800738249e+02 1.453480728215571389e+03 3.292596043093191724e+02 1.641643349386625061e+01 -1.100080076380903051e+02 -9.797816229017240630e+01 9.926837956734397039e+01 2.104018070257192221e+02 5.750145335537609981e+02 -1.660711974354006486e+02 3.645112308715213658e+03 -2.449667162294809941e+01 7.051727467312781528e+02 1.091290379731898099e+02 4.932096996932583579e+02 2.374111536530636215e+02 1.362359406307538023e+01 1.398708774475585699e+02 7.235915440269421879e+02 3.128511361836375499e+02 4.663425395888687603e+02 8.425895750078196897e+02
1.782146703825357648e+01 1.650317503736502545e+01 1.642734321201735526e+01 1.937663342815623224e+01 1.743918059199161164e+01 2.708804777531640795e+01 1.189425133523869249e+01 1.936552817887498534e+01 1.254033850183558663e+01 3.800091295517548673e+01 8.950993912934501395e+01 8.872097692465368368e+01 2.201559793489501615e+01 1.160371942440146675e+01 4.257023919528956668e+01 -1.112828855918748694e+01 1.084866231010678561e+01 1.309658592579430803e+01 1.755370889193919126e+01 1.633623807398473105e+01 7.082890819439643160e+00 1.623472066303127903e+01 8.292465026773486514e+00 2.539418958160358741e+01 -2.449667162294809941e+01 1.475153820635217130e+02 -6.340405864576148964e+00 3.892447161965256441e+01 5.368455357289872865e+01 2.651201294334317637e+01 1.403326478381320008e+01 1.041563469003620668e+01 5.235257951825721534e+01 5.346471538110853317e+01 1.305769290650174241e+01 -1.085911836885701476e+01
-5.453634853778592628e+01 -5.001108857441398925e+01 -5.674315966654992849e+01 -6.045991146165549424e+01 -4.009643234001075029e+01 -2.664926144170771138e+01 -1.758864249544627256e+01 -2.670301841425399303e+01 1.538943234983360142e+01 2.482654233499419263e+02 -1.079010428577314258e+02 3.489884666661001233e+02 1.671535610201162214e+01 2.166754537074013598e+01 4.082533171018703797e+02 6.473088148303252183e+02 1.512456761312269009e+02 2.882670469983403549e+01 -2.949174910568548569e+01 -3.003369933789357304e+01 4.976967296989862888e+01 1.130811076026134288e+02 2.719582092751901428e+02 -5.915301894690777118e+01 7.051727467312781528e+02 -6.340405864576148964e+00 1.728618073627630338e+03 6.759810032109245981e+01 2.516274800583790352e+02 1.219009613353824761e+02 9.986440070910946432e+00 6.814501458349847951e+01 3.540845072071760455e+02 1.934535433592524782e+02 2.109305733642403879e+02 3.690042284003064310e+02
1.783762411230604528e+01 2.235143931809679785e+01 1.521494385658636794e+01 2.841604914379979974e+01 2.698080896035735421e+01 6.440791075960351009e+01 1.564773686342430459e+01 3.410823668444325563e+01 2.957438584730074993e+01 1.998156974877561254e+02 2.713691854680841971e+02 3.842261497868286710e+02 4.714109368434832703e+01 2.799141038918127222e+01 2.394220669068410245e+02 1.425321232412184145e+02 6.099651355745094605e+01 2.278237662108210770e+01 2.171656922127654354e+01 2.255076956346172068e+01 2.384716472737253312e+01 5.467339440966815545e+01 9.562564395710572285e+01 4.644629169491507525e+01 1.091290379731898099e+02 3.892447161965256441e+01 6.759810032109245981e+01 4.307833908148753039e+02 2.583853522562718581e+02 1.122483172754461123e+02 3.146354360642234838e+01 3.826482056701509293e+01 2.879363264884364639e+02 2.251677118802182918e+02 8.475827249976508426e+01 6.556628271373011785e+01
-1.415924378951921803e+01 -1.411915773632150461e+01 -1.676953865304633950e+01 2.520592952564679745e+00 -1.891580452723782724e+00 7.223206157707514308e+01 1.100493295694093732e+01 3.554724544460641056e+01 5.505390017533213154e+01 4.491398514277752270e+02 4.437204028327277001e+02 9.174130158681800822e+02 7.290964780182648042e+01 3.592799605010782216e+01 6.695332266399412902e+02 5.169645920929125396e+02 1.304296881796544767e+02 5.588630746836963681e+01 1.080600854539368072e+01 1.459613427863502544e+01 6.113678391097020182e+01 1.498971000138778891e+02 3.502002760674055253e+02 2.106546049700689949e+01 4.932096996932583579e+02 5.368455357289872865e+01 2.516274800583790352e+02 2.583853522562718581e+02 1.094772027207259271e+03 2.571325770398093482e+02 4.525004299281581410e+01 1.053465185833409521e+02 6.475943174848778199e+02 4.719672680017033599e+02 2.300172629344251618e+02 3.144697779467313694e+02
-1.351100514584075762e+00 -6.207745675270593955e-01 -3.861870646326935219e+00 6.007157565324216186e+00 4.232017535017365439e+00 3.663126045910949102e+01 8.051873619263318460e+00 1.856089733796976304e+01 2.810492965938102472e+01 1.921911778232274060e+02 1.704227658942972141e+02 3.788720676082161845e+02 3.729925555008402682e+01 2.188027136516116755e+01 2.809097528653649078e+02 2.421450860398689713e+02 6.903598450542543219e+01 2.730749271805690270e+01 9.339573069179191833e+00 9.477530919725303704e+00 2.932137969247462550e+01 7.185054072023281435e+01 1.524355347268199523e+02 1.300084067828878176e+01 2.374111536530636215e+02 2.651201294334317637e+01 1.219009613353824761e+02 1.122483172754461123e+02 2.571325770398093482e+02 3.680425636870941730e+02 2.270134541315492172e+01 4.622982972603413288e+01 2.908354006519697350e+02 2.038972867656929395e+02 1.063779134791008261e+02 1.389439511838048134e+02
1.084681264523547561e+01 1.161193011386749063e+01 9.857276852857143723e+00 9.921767008472757610e+00 1.274532359803987802e+01 2.016920230658478275e+01 9.899571887938934722e+00 1.209225851008573649e+01 8.998163381130050098e+00 4.673570352084848878e+01 4.921417584517164556e+01 5.984876687802148609e+01 1.667924496811328439e+01 1.330557843749968860e+01 3.163909080518715911e+01 2.761270465234020222e+01 2.311423275710131620e+01 7.314253082996239996e+00 1.113521787902439009e+01 9.496629360294800648e+00 1.080683989357077479e+01 1.684790928260546750e+01 1.300659175836330483e+01 1.517771617940608841e+01 1.362359406307538023e+01 1.403326478381320008e+01 9.986440070910946432e+00 3.146354360642234838e+01 4.525004299281581410e+01 2.270134541315492172e+01 1.020788166982256655e+02 1.240275684580248949e+01 4.414476450870106561e+01 2.405522891918763051e+01 2.071456168126923458e+01 1.395913819703737602e+01
-2.682238977169743244e+00 -3.737921412802143184e+00 -2.099793425369145705e+00 -5.714689619231929640e+00 -1.594165408422261621e+00 8.075829553143137218e+00 3.816553545932836577e+00 5.913025668683254743e+00 1.211203499329607602e+01 8.370056307832031450e+01 2.943175852369016710e+01 1.554860709310173945e+02 1.920975053334508686e+01 1.079688861547483292e+01 1.391161064157451506e+02 1.381971343308105418e+02 3.839871898671934503e+01 1.784229841634660829e+01 4.344286112210120621e+00 4.360302887607055311e+00 1.910465079481607020e+01 3.973642560962423431e+01 8.127243650356702176e+01 -1.183552878229729544e+00 1.398708774475585699e+02 1.041563469003620668e+01 6.814501458349847951e+01 3.826482056701509293e+01 1.053465185833409521e+02 4.622982972603413288e+01 1.240275684580248949e+01 1.913012198749446497e+02 1.017067078838674234e+02 6.426869408623717561e+01 6.086750172047143081e+01 9.204797172593949028e+01
-2.813645360834873443e+01 -1.586668805223956191e+01 -2.987637664515198566e+01 -6.270417380235792315e+00 1.273485343503129308e-01 7.817639514330343786e+01 5.514817869467304234e+00 1.980572472811124030e+01 5.781932341685990195e+01 5.460942911814181571e+02 4.016883833101761070e+02 9.187058927660023073e+02 7.084146471176572391e+01 4.927632704599292879e+01 6.964561430906506985e+02 7.052409544394736258e+02 1.924274948150128637e+02 4.389713229197271005e+01 -9.354511914620042834e-01 -2.995505542221325434e-03 6.608496307796997371e+01 1.630051439728214859e+02 3.764996460166406109e+02 1.828217487873632763e+01 7.235915440269421879e+02 5.235257951825721534e+01 3.540845072071760455e+02 2.879363264884364639e+02 6.475943174848778199e+02 2.908354006519697350e+02 4.414476450870106561e+01 1.017067078838674234e+02 2.540730435131303238e+03 5.479316115818605795e+02 2.778041312259092024e+02 3.759477445910387132e+02
2.467637561366738552e+01 1.463216374632427019e+01 1.586834995464156961e+01 4.552934458352300595e+01 2.289853263185528576e+01 8.600820895666318222e+01 1.708752832600463734e+01 5.393799520121915236e+01 5.675712185096363527e+01 2.946490865985808227e+02 4.445667930184097827e+02 7.956225338005687036e+02 8.560490963773852968e+01 2.312726544283240315e+01 5.359227475583304567e+02 2.930067804704945615e+02 7.980842168161134964e+01 6.456643056212681131e+01 3.707975209045937248e+01 3.606107906613539882e+01 3.691074765269780755e+01 1.061164026646901704e+02 2.364988804031970062e+02 6.306282317596503617e+01 3.128511361836375499e+02 5.346471538110853317e+01 1.934535433592524782e+02 2.251677118802182918e+02 4.719672680017033599e+02 2.038972867656929395e+02 2.405522891918763051e+01 6.426869408623717561e+01 5.479316115818605795e+02 1.888373845578769760e+03 1.587240087452955208e+02 1.472393725951889110e+02
-3.081170952477383906e+01 -2.728127839714954561e+01 -2.972947079922222002e+01 -3.613608757031614971e+01 -1.819803158127468734e+01 1.734297176482628711e-01 -5.494745890888598439e+00 -1.003172418518259335e+01 1.524532957660529142e+01 2.371700888366382856e+02 1.263898453983427483e+00 3.160677254863657026e+02 2.358635865631860185e+01 1.986406330097551631e+01 3.303887199859006500e+02 4.390215303648997747e+02 1.130293509268297498e+02 2.156903154866576600e+01 -1.450224647577303472e+01 -1.271614772394163317e+01 4.015392708801890365e+01 8.193499536523366089e+01 1.895644155441114265e+02 -2.435078496455346908e+01 4.663425395888687603e+02 1.305769290650174241e+01 2.109305733642403879e+02 8.475827249976508426e+01 2.300172629344251618e+02 1.063779134791008261e+02 2.071456168126923458e+01 6.086750172047143081e+01 2.778041312259092024e+02 1.587240087452955208e+02 6.528743338898918864e+02 2.617769259338257939e+02
-9.047103492668819058e+01 -7.688013720125904626e+01 -8.353549444964590975e+01 -1.021366193239281017e+02 -6.447443275333091606e+01 -5.240656117025212524e+01 -3.106729514392257485e+01 -5.302275540886093097e+01 5.035961658657892137e+00 3.485463647531360039e+02 -1.776492079688889305e+02 3.802467116320270861e+02 -1.890198556971009358e+00 2.091863757345461750e+01 4.784496971647337205e+02 7.929728565990801599e+02 1.771956477874932148e+02 1.441387957265066788e+01 -6.041727762387503020e+01 -4.978142638313676116e+01 6.103284996217944069e+01 1.193938849289102961e+02 3.322697090100916171e+02 -9.343837896866592985e+01 8.425895750078196897e+02 -1.085911836885701476e+01 3.690042284003064310e+02 6.556628271373011785e+01 3.144697779467313694e+02 1.389439511838048134e+02 1.395913819703737602e+01 9.204797172593949028e+01 3.759477445910387132e+02 1.472393725951889110e+02 2.617769259338257939e+02 8.964140907879209408e+02
