9.134031582089136236e+01 2.570890811368978746e+01 3.525293686250687841e+01 3.425016546681495555e+01 3.381537039429184688e+01 1.790860824262548689e+01 3.199878206663349545e+01 -2.186018499473266630e+01 2.356628174851564950e+01 1.506843614269478238e+01 3.690250339533910306e+01 2.982638713160129740e+01 1.481851916267403340e+02 8.698222648492441067e+01 1.509100567000573534e+01 8.252675537226730640e+00 2.652837170428490765e+01 1.715588735683247990e+01 2.436181795957553575e+01 4.137630681754834683e+01 -1.541622108689980486e+01 -4.804173126595192400e+01 1.713506318751339563e+01 -2.882795346746517273e-01 -7.335896658879182963e-01 -2.100839041210074498e+01 -4.911278537574363945e+00
2.570890811368978746e+01 9.135639454939816062e+01 2.492261242812381994e+01 2.352215479924508656e+01 2.207747803679363585e+01 1.040421518387359789e+01 2.244591309343538299e+01 -1.163501583074234169e+01 1.162855966738844060e+01 1.088852611523668834e+01 2.901926446650059432e+01 2.043748616171767907e+01 1.258902119914855291e+02 6.706863543129605887e+01 1.070397843799943516e+01 5.820616548289145875e+00 1.778703201308762161e+01 1.379615914536933552e+01 1.970458610667658306e+01 2.971371100608699223e+01 -3.770709702197791113e+00 -3.693179876686770768e+01 1.294036545557996831e+01 -7.275817128577918291e-01 -1.239413967234352709e+00 -9.294871803214940442e+00 3.250154888245045726e+00
3.525293686250687841e+01 2.492261242812381994e+01 1.123957671746629927e+02 3.313694532492585409e+01 3.288686387395402733e+01 2.061404385885930424e+01 3.317585183851013397e+01 -1.770436790269695493e+01 4.526022076696890650e+01 2.149426998362129382e+01 3.821060668070200705e+01 3.003797250952850462e+01 1.821229262741680941e+02 9.720465373237342988e+01 1.742328522064417129e+01 9.441241960109856279e+00 2.702791034079308830e+01 1.758789170378421929e+01 2.565919444562652529e+01 4.205201765478570053e+01 -1.051604670673124176e+01 -3.425370896497526729e+01 2.101730212178105361e+01 2.717532144863879395e+00 2.304731169781054412e+00 -1.109999554424972779e+01 5.189167172066136979e-01
3.425016546681495555e+01 2.352215479924508656e+01 3.313694532492585409e+01 1.074382389281468448e+02 3.432295840183959967e+01 2.134595537999143389e+01 3.146128751210015295e+01 -1.322878969180142050e+01 3.448053098857242560e+01 2.162688120934642555e+01 3.465331453507935322e+01 2.938781107476114940e+01 1.362043308599851628e+02 7.936775296927898182e+01 1.754616226901864096e+01 1.137869112883822531e+01 2.720888056761829787e+01 1.862941298998506667e+01 2.611486579920924811e+01 3.914379699773459009e+01 -9.790718221923143005e+00 -3.008491999146280094e+01 2.166711887745409726e+01 7.074059374486036944e+00 3.915573567378196618e+00 -1.174391333516985902e+01 -1.177642811470394735e+00
3.381537039429184688e+01 2.207747803679363585e+01 3.288686387395402733e+01 3.432295840183959967e+01 1.072383478551520142e+02 2.535398903887889333e+01 3.374858848391817645e+01 -6.138274788095875678e+00 6.354606758354038476e+01 3.263566048203561820e+01 3.676894284642928312e+01 3.081318474913436489e+01 1.741666221745416863e+02 8.673146217276445213e+01 2.061506959636693637e+01 1.448598303479959171e+01 2.859515038390072661e+01 2.016249160486748337e+01 2.954753061390362490e+01 3.900052691234089508e+01 -2.722011032639701789e+00 -7.860243415047814430e+00 2.513659481556340225e+01 1.525242241139917176e+01 9.443514731310546750e+00 5.179290864253875970e-01 3.806960679338536213e+00
1.790860824262548689e+01 1.040421518387359789e+01 2.061404385885930424e+01 2.134595537999143389e+01 2.535398903887889333e+01 1.444635709729888333e+02 2.264980150859878449e+01 1.871316884927323088e+01 8.518736364993085886e+01 4.123204366658352171e+01 2.563530415188095546e+01 1.976152507860981800e+01 1.435057491127823539e+02 5.976563859291325542e+01 2.034333430986865210e+01 1.557398811395063198e+01 2.105074836802783622e+01 1.820264368814084222e+01 2.603762027716748051e+01 2.261850793297054807e+01 2.033964696859819554e+01 4.031638064603642846e+01 2.575469328115891443e+01 2.427761936319822311e+01 1.864598433428141888e+01 2.989264124433129766e+01 2.096729269981864618e+01
3.199878206663349545e+01 2.244591309343538299e+01 3.317585183851013397e+01 3.146128751210015295e+01 3.374858848391817645e+01 2.264980150859878449e+01 1.656135924262567869e+02 -1.284004762474624428e+01 8.023498365169947988e+01 2.944823579721672502e+01 3.939944008814307352e+01 3.010060821012502430e+01 2.346443625253943708e+02 1.106058347551376215e+02 1.884526534111619611e+01 1.084018096338094139e+01 2.768684346122136830e+01 1.748872804443082529e+01 2.606487162463016816e+01 4.149119936184804658e+01 -6.173864600650302847e+00 -1.171003020480192092e+01 2.449493909713387296e+01 7.920523835985297190e+00 6.467588586787498706e+00 3.855514124151169231e+00 8.608805425770622577e+00
-2.186018499473266630e+01 -1.163501583074234169e+01 -1.770436790269695493e+01 -1.322878969180142050e+01 -6.138274788095875678e+00 1.871316884927323088e+01 -1.284004762474624428e+01 3.299803467702666921e+02 1.083152893575270355e+02 8.781012047185109282e+01 4.797998217757310613e+00 -9.578194784856572497e+00 6.388750071329136659e+01 -3.982276295233643282e+01 2.320021354038291506e+01 2.930168394736673676e+01 -1.052427955168142581e+01 2.570132747539124196e+01 4.578827731647115229e+01 -3.146283566881885108e+01 1.411873913080160037e+02 1.738631106075781645e+02 2.823527908684864940e+01 7.874612905987649469e+01 6.237115762572374678e+01 1.465244878317819541e+02 1.248530407317639686e+02
2.356628174851564950e+01 1.162855966738844060e+01 4.526022076696890650e+01 3.448053098857242560e+01 6.354606758354038476e+01 8.518736364993085886e+01 8.023498365169947988e+01 1.083152893575270355e+02 1.245171125809072691e+03 2.513231606912168843e+02 1.203288157240068301e+02 5.620481532295639937e+01 1.546791475834937046e+03 5.102032868202551299e+02 8.291055045867298645e+01 5.306216727887921536e+01 5.739988340724724480e+01 4.711519711990149517e+01 9.366114283668254359e+01 8.352906478485732578e+01 1.349470545159433073e+02 3.527506194737373448e+02 1.192335802175475692e+02 1.245703900101014483e+02 1.016520772742592982e+02 3.168154046251924001e+02 2.064462436302328570e+02
1.506843614269478238e+01 1.088852611523668834e+01 2.149426998362129382e+01 2.162688120934642555e+01 3.263566048203561820e+01 4.123204366658352171e+01 2.944823579721672502e+01 8.781012047185109282e+01 2.513231606912168843e+02 5.925923973837373069e+02 4.818791044669973189e+01 2.635429689172676504e+01 4.402670768891780995e+02 1.420658162469667900e+02 4.135349480547272094e+01 3.341335416440800543e+01 2.463292213261929220e+01 3.485381576504588708e+01 6.064516518980094162e+01 2.873469554667899573e+01 1.017425940529115564e+02 1.505020830598097064e+02 5.405150985670503871e+01 7.480666322597413398e+01 5.957906194872374783e+01 1.415653872372448063e+02 1.156562255353772315e+02
3.690250339533910306e+01 2.901926446650059432e+01 3.821060668070200705e+01 3.465331453507935322e+01 3.676894284642928312e+01 2.563530415188095546e+01 3.939944008814307352e+01 4.797998217757310613e+00 1.203288157240068301e+02 4.818791044669973189e+01 1.376154140025578840e+02 3.393009634017618481e+01 4.005068598660469092e+02 1.614237846396723342e+02 2.614502184683664510e+01 1.567247309990816717e+01 2.940327096181429667e+01 2.545250651737093861e+01 4.141627448395342270e+01 4.834564632601798451e+01 1.598829600557813002e+01 4.584304005860501796e+00 3.329049851834617613e+01 1.830411646831520045e+01 1.292976316205975351e+01 3.642922587546076585e+01 3.891007900362084371e+01
2.982638713160129740e+01 2.043748616171767907e+01 3.003797250952850462e+01 2.938781107476114940e+01 3.081318474913436489e+01 1.976152507860981800e+01 3.010060821012502430e+01 -9.578194784856572497e+00 5.620481532295639937e+01 2.635429689172676504e+01 3.393009634017618481e+01 8.540451601320229713e+01 1.746574529613835125e+02 8.794974133879242117e+01 1.703816135777332619e+01 1.114189684680978587e+01 2.492169865795029793e+01 1.728025106540561495e+01 2.485445131109261396e+01 3.605143300351853952e+01 -4.668091302565853695e+00 -1.523714184200512101e+01 2.176204695736910466e+01 8.407199882144052339e+00 6.161098895821269572e+00 -1.135883809611941825e-01 4.172678476077000376e+00
1.481851916267403340e+02 1.258902119914855291e+02 1.821229262741680941e+02 1.362043308599851628e+02 1.741666221745416863e+02 1.435057491127823539e+02 2.346443625253943708e+02 6.388750071329136659e+01 1.546791475834937046e+03 4.402670768891780995e+02 4.005068598660469092e+02 1.746574529613835125e+02 6.857647276181744928e+03 1.617667762616707250e+03 1.921946309082433118e+02 9.444084748695448184e+01 1.544579554031583370e+02 1.105150581698500929e+02 2.512941817278040730e+02 2.708768825935413247e+02 1.311970643303193640e+02 4.752690923665086871e+02 2.585554092138337978e+02 1.343764539111976717e+02 7.820462569568266531e+01 5.979389099401481644e+02 4.125723127978255889e+02
8.698222648492441067e+01 6.706863543129605887e+01 9.720465373237342988e+01 7.936775296927898182e+01 8.673146217276445213e+01 5.976563859291325542e+01 1.106058347551376215e+02 -3.982276295233643282e+01 5.102032868202551299e+02 1.420658162469667900e+02 1.614237846396723342e+02 8.794974133879242117e+01 1.617667762616707250e+03 9.761804683251243659e+02 6.425281184392744649e+01 2.381267024959432632e+01 8.144297676389230389e+01 4.545746097787423423e+01 8.453248970544977681e+01 1.483724497346256328e+02 -7.957011471977908812e+00 4.215747295888953516e+01 9.137159220111269065e+01 3.020919386164194975e+01 2.258074174661719979e+01 1.364417316980544115e+02 9.920375767135539036e+01
1.509100567000573534e+01 1.070397843799943516e+01 1.742328522064417129e+01 1.754616226901864096e+01 2.061506959636693637e+01 2.034333430986865210e+01 1.884526534111619611e+01 2.320021354038291506e+01 8.291055045867298645e+01 4.135349480547272094e+01 2.614502184683664510e+01 1.703816135777332619e+01 1.921946309082433118e+02 6.425281184392744649e+01 9.218544190465063082e+01 1.493539595989023105e+01 1.571185579132050414e+01 1.722068033471603954e+01 2.795413410413171462e+01 1.796600774320578253e+01 2.766783232553492056e+01 4.191609078069738814e+01 2.363786366104435999e+01 2.418200737520755439e+01 1.772794811594755160e+01 3.998226379030764832e+01 3.171840483929659982e+01
8.252675537226730640e+00 5.820616548289145875e+00 9.441241960109856279e+00 1.137869112883822531e+01 1.448598303479959171e+01 1.557398811395063198e+01 1.084018096338094139e+01 2.930168394736673676e+01 5.306216727887921536e+01 3.341335416440800543e+01 1.567247309990816717e+01 1.114189684680978587e+01 9.444084748695448184e+01 2.381267024959432632e+01 1.493539595989023105e+01 7.569601155336438580e+01 1.019282482057966810e+01 1.462683806334348269e+01 2.302124649695497993e+01 6.456244504690935138e+00 2.963055270513406114e+01 4.352715284172651167e+01 1.849675807102640945e+01 2.367303398583170448e+01 1.798514214894222718e+01 3.655104917367395245e+01 2.808890186196894234e+01
2.652837170428490765e+01 1.778703201308762161e+01 2.702791034079308830e+01 2.720888056761829787e+01 2.859515038390072661e+01 2.105074836802783622e+01 2.768684346122136830e+01 -1.052427955168142581e+01 5.739988340724724480e+01 2.463292213261929220e+01 2.940327096181429667e+01 2.492169865795029793e+01 1.544579554031583370e+02 8.144297676389230389e+01 1.571185579132050414e+01 1.019282482057966810e+01 9.525506281031424294e+01 1.598772437106734934e+01 2.053404628802078946e+01 3.432519085988305108e+01 -8.112064066744430590e+00 -8.746209258558847566e+00 2.109772493441805352e+01 9.798094673773357854e+00 8.727421859896344003e+00 1.745681520062657643e+00 5.086936236783603515e-01
1.715588735683247990e+01 1.379615914536933552e+01 1.758789170378421929e+01 1.862941298998506667e+01 2.016249160486748337e+01 1.820264368814084222e+01 1.748872804443082529e+01 2.570132747539124196e+01 4.711519711990149517e+01 3.485381576504588708e+01 2.545250651737093861e+01 1.728025106540561495e+01 1.105150581698500929e+02 4.545746097787423423e+01 1.722068033471603954e+01 1.462683806334348269e+01 1.598772437106734934e+01 8.242863861365344746e+01 2.824340976166195816e+01 1.914937390855086718e+01 2.782649404004796523e+01 2.282925749791218095e+01 2.137953637216681457e+01 2.387004497390449842e+01 1.877405550765318409e+01 3.046872845464674029e+01 3.006537826592703411e+01
2.436181795957553575e+01 1.970458610667658306e+01 2.565919444562652529e+01 2.611486579920924811e+01 2.954753061390362490e+01 2.603762027716748051e+01 2.606487162463016816e+01 4.578827731647115229e+01 9.366114283668254359e+01 6.064516518980094162e+01 4.141627448395342270e+01 2.485445131109261396e+01 2.512941817278040730e+02 8.453248970544977681e+01 2.795413410413171462e+01 2.302124649695497993e+01 2.053404628802078946e+01 2.824340976166195816e+01 1.615470014815632851e+02 2.496565443740675150e+01 5.281172529801854409e+01 4.823235834551545054e+01 3.313265738041183539e+01 3.881743691603508495e+01 2.843145414845721675e+01 5.864092931826109378e+01 6.179805100765752712e+01
4.137630681754834683e+01 2.971371100608699223e+01 4.205201765478570053e+01 3.914379699773459009e+01 3.900052691234089508e+01 2.261850793297054807e+01 4.149119936184804658e+01 -3.146283566881885108e+01 8.352906478485732578e+01 2.873469554667899573e+01 4.834564632601798451e+01 3.605143300351853952e+01 2.708768825935413247e+02 1.483724497346256328e+02 1.796600774320578253e+01 6.456244504690935138e+00 3.432519085988305108e+01 1.914937390855086718e+01 2.496565443740675150e+01 1.608546350512235108e+02 -1.812450870550149418e+01 -4.480146305041785126e+01 2.599919705232445466e+01 -1.551074697926752566e-01 1.360060867081281488e+00 -1.090263894545845602e+01 5.506198693253170351e-01
-1.541622108689980486e+01 -3.770709702197791113e+00 -1.051604670673124176e+01 -9.790718221923143005e+00 -2.722011032639701789e+00 2.033964696859819554e+01 -6.173864600650302847e+00 1.411873913080160037e+02 1.349470545159433073e+02 1.017425940529115564e+02 1.598829600557813002e+01 -4.668091302565853695e+00 1.311970643303193640e+02 -7.957011471977908812e+00 2.766783232553492056e+01 2.963055270513406114e+01 -8.112064066744430590e+00 2.782649404004796523e+01 5.281172529801854409e+01 -1.812450870550149418e+01 6.534760054883463454e+02 1.632043470218302730e+02 3.115274356894598284e+01 7.824121794702126920e+01 6.270573779254628022e+01 1.519438334358218583e+02 1.485596010402773857e+02
-4.804173126595192400e+01 -3.693179876686770768e+01 -3.425370896497526729e+01 -3.008491999146280094e+01 -7.860243415047814430e+00 4.031638064603642846e+01 -1.171003020480192092e+01 1.738631106075781645e+02 3.527506194737373448e+02 1.505020830598097064e+02 4.584304005860501796e+00 -1.523714184200512101e+01 4.752690923665086871e+02 4.215747295888953516e+01 4.191609078069738814e+01 4.352715284172651167e+01 -8.746209258558847566e+00 2.282925749791218095e+01 4.823235834551545054e+01 -4.480146305041785126e+01 1.632043470218302730e+02 7.982276975355499644e+02 5.662166935216436769e+01 1.166351015764937387e+02 9.133703798286229869e+01 2.614464438779247644e+02 1.622060077670321903e+02
1.713506318751339563e+01 1.294036545557996831e+01 2.101730212178105361e+01 2.166711887745409726e+01 2.513659481556340225e+01 2.575469328115891443e+01 2.449493909713387296e+01 2.823527908684864940e+01 1.192335802175475692e+02 5.405150985670503871e+01 3.329049851834617613e+01 2.176204695736910466e+01 2.585554092138337978e+02 9.137159220111269065e+01 2.363786366104435999e+01 1.849675807102640945e+01 2.109772493441805352e+01 2.137953637216681457e+01 3.313265738041183539e+01 2.599919705232445466e+01 3.115274356894598284e+01 5.662166935216436769e+01 1.387274257579150571e+02 3.191098167443556832e+01 2.564567509894833108e+01 5.571112678304089627e+01 4.092313654296889780e+01
-2.882795346746517273e-01 -7.275817128577918291e-01 2.717532144863879395e+00 7.074059374486036944e+00 1.525242241139917176e+01 2.427761936319822311e+01 7.920523835985297190e+00 7.874612905987649469e+01 1.245703900101014483e+02 7.480666322597413398e+01 1.830411646831520045e+01 8.407199882144052339e+00 1.343764539111976717e+02 3.020919386164194975e+01 2.418200737520755439e+01 2.367303398583170448e+01 9.798094673773357854e+00 2.387004497390449842e+01 3.881743691603508495e+01 -1.551074697926752566e-01 7.824121794702126920e+01 1.166351015764937387e+02 3.191098167443556832e+01 2.182050065606991893e+02 5.083544512779110391e+01 1.012832659932442851e+02 7.531200810322886241e+01
-7.335896658879182963e-01 -1.239413967234352709e+00 2.304731169781054412e+00 3.915573567378196618e+00 9.443514731310546750e+00 1.864598433428141888e+01 6.467588586787498706e+00 6.237115762572374678e+01 1.016520772742592982e+02 5.957906194872374783e+01 1.292976316205975351e+01 6.161098895821269572e+00 7.820462569568266531e+01 2.258074174661719979e+01 1.772794811594755160e+01 1.798514214894222718e+01 8.727421859896344003e+00 1.877405550765318409e+01 2.843145414845721675e+01 1.360060867081281488e+00 6.270573779254628022e+01 9.133703798286229869e+01 2.564567509894833108e+01 5.083544512779110391e+01 2.461204165459355124e+02 8.125237430916457981e+01 6.221191127467601945e+01
-2.100839041210074498e+01 -9.294871803214940442e+00 -1.109999554424972779e+01 -1.174391333516985902e+01 5.179290864253875970e-01 2.989264124433129766e+01 3.855514124151169231e+00 1.465244878317819541e+02 3.168154046251924001e+02 1.415653872372448063e+02 3.642922587546076585e+01 -1.135883809611941825e-01 5.979389099401481644e+02 1.364417316980544115e+02 3.998226379030764832e+01 3.655104917367395245e+01 1.745681520062657643e+00 3.046872845464674029e+01 5.864092931826109378e+01 -1.090263894545845602e+01 1.519438334358218583e+02 2.614464438779247644e+02 5.571112678304089627e+01 1.012832659932442851e+02 8.125237430916457981e+01 4.834826407764396095e+02 1.704091117246279339e+02
-4.911278537574363945e+00 3.250154888245045726e+00 5.189167172066136979e-01 -1.177642811470394735e+00 3.806960679338536213e+00 2.096729269981864618e+01 8.608805425770622577e+00 1.248530407317639686e+02 2.064462436302328570e+02 1.156562255353772315e+02 3.891007900362084371e+01 4.172678476077000376e+00 4.125723127978255889e+02 9.920375767135539036e+01 3.171840483929659982e+01 2.808890186196894234e+01 5.086936236783603515e-01 3.006537826592703411e+01 6.179805100765752712e+01 5.506198693253170351e-01 1.485596010402773857e+02 1.622060077670321903e+02 4.092313654296889780e+01 7.531200810322886241e+01 6.221191127467601945e+01 1.704091117246279339e+02 5.081371676957709838e+02
