9.061864022877767866e+01 2.638234981740336593e+01 2.882602861184010834e+01 3.612708255128492851e+01 2.470073398849490331e+01 2.955026148082273352e+01 1.742246573369021689e+01 2.694877017778436112e+01 9.254087928035492183e+00 1.894896890318359084e+01 3.060979899776657476e+01 4.456164667625999165e+00 -1.140827301963984119e+01 2.932550294373929489e+01 2.884305299749220453e+01 -5.368507753916853176e+01 2.294340197855303742e+01 7.707242727100721424e+01 4.613978474215734593e+01 -1.994118275287927489e+01 1.576209290158976728e+01 7.374233237147056919e+00 2.439433802387661032e+01 5.213915804122894571e+00 1.239616148008699881e+01 -2.680069745545180382e+01 -1.422028605451270167e+01 -1.787648530995018703e+01 -1.459771868950100782e+01 -6.303326842241693839e+01
2.638234981740336593e+01 1.099439652181595335e+02 2.427834712802843242e+01 3.082679709921051625e+01 2.438320631386367054e+01 2.863328941992499921e+01 1.514852028740138223e+01 2.169297991615030696e+01 6.333611966006183813e+00 1.419874777677197386e+01 2.242678096313368741e+01 8.385496489935096776e+00 -1.585936550481025087e+01 2.631374208311087770e+01 2.340937937195229424e+01 -4.437347944808912104e+01 1.396965949946157970e+01 7.068854061131212063e+01 4.138015862424474989e+01 -1.040416378456745683e+01 1.427006006928340831e+01 7.094807172852326538e+00 2.845256283105364048e+01 8.087620394294512849e+00 8.836256560719684572e+00 -1.018439853376741944e+01 -1.401549842224645204e+01 -2.036853280905580732e+01 -2.624735666327509875e+00 -5.046566740645673832e+01
2.882602861184010834e+01 2.427834712802843242e+01 1.130097958715219164e+02 3.235328670837878207e+01 2.355146777323815499e+01 2.755086215709077280e+01 1.632030350597267798e+01 2.381441623914482619e+01 8.033749622096504339e+00 1.623511804097564593e+01 2.799468725241946743e+01 5.518995451461830903e+00 -1.093307024908259351e+01 2.759970429157955962e+01 2.726016187379337197e+01 -5.003409912735440912e+01 1.842038565260141070e+01 6.713187772966504951e+01 3.940970566175904821e+01 -1.899166994212654558e+01 1.459242512640468625e+01 7.312896222876092089e+00 2.459294090016589607e+01 6.754092817862983544e+00 1.059671340921578420e+01 -2.150886200427133588e+01 -1.249573129829715334e+01 -1.581957068205208294e+01 -1.144102504194088255e+01 -5.918429707513936222e+01
3.612708255128492851e+01 3.082679709921051625e+01 3.235328670837878207e+01 1.462187795808475244e+02 2.890077305898609339e+01 3.570819018318372429e+01 1.950898652274682377e+01 3.162642370396093483e+01 1.062725968421931100e+01 2.171128539270507574e+01 3.314134736754745347e+01 5.225458323221307211e+00 -1.193864770849160095e+01 3.447629315305196229e+01 3.291842042611149566e+01 -5.895313868938757906e+01 4.248500169437836860e+01 1.334473434147342346e+02 7.109744457794631955e+01 -1.571339798656109288e+01 1.952721936382048895e+01 9.121072552890632679e+00 3.899845458201451720e+01 5.880607056973773616e+00 1.366913576794327767e+01 -2.787503900072182716e+01 -1.700299247054044471e+01 -1.879624236444528051e+01 -1.087875972089836374e+01 -6.056573164362723816e+01
2.470073398849490331e+01 2.438320631386367054e+01 2.355146777323815499e+01 2.890077305898609339e+01 7.667687712330271665e+01 2.875035516043762840e+01 1.551487319190854208e+01 2.151705537024282577e+01 7.073428565549309432e+00 1.409207113007155243e+01 2.197236053441420722e+01 1.038091645255103757e+01 -1.268186756193883014e+01 2.585068264504604585e+01 2.438565986155386511e+01 -3.638412451928478220e+01 1.859549148699636589e+01 7.594084695583563871e+01 4.563236295450622748e+01 -3.703342348627225000e+00 1.490224472237386877e+01 8.387404605586100459e+00 3.306396317366042581e+01 1.020330806661512923e+01 1.022422623956805410e+01 -3.733102144061129835e+00 -9.863619553484626934e+00 -1.493144880200191338e+01 3.594760463809806517e+00 -4.169575706772162249e+01
2.955026148082273352e+01 2.863328941992499921e+01 2.755086215709077280e+01 3.570819018318372429e+01 2.875035516043762840e+01 1.285444879511200895e+02 1.859093788693207472e+01 2.779493580746298775e+01 1.162521903004286195e+01 1.980638222952459415e+01 2.687218823044258542e+01 1.521904863362724392e+01 -3.652606583029416321e+00 3.270441665722326263e+01 3.243847680131905520e+01 -2.425141522316168263e+01 5.919828130313415926e+01 1.603422170367443869e+02 8.877804777372622880e+01 1.453293883083035887e+01 2.176625459824544961e+01 1.318095661395390295e+01 6.003122285806727376e+01 1.445960161699630575e+01 1.876476782372706609e+01 7.143703693594947168e+00 -4.335856739957026917e+00 -4.687756544058876429e+00 1.944070504979974956e+01 -1.922755833932499669e+01
1.742246573369021689e+01 1.514852028740138223e+01 1.632030350597267798e+01 1.950898652274682377e+01 1.551487319190854208e+01 1.859093788693207472e+01 7.389355460231512041e+01 1.530700802515500136e+01 8.922802533871593056e+00 1.337730494890834620e+01 1.721907154282405372e+01 8.924240613530809441e+00 -6.102294142423094758e-01 1.790131553693446165e+01 1.700601865287279324e+01 -1.825521134638745124e+01 1.908155910622948781e+01 6.236902819478657989e+01 3.416363795834803341e+01 -2.402683792100683391e+00 1.344911017520693264e+01 7.149240061635128818e+00 2.037916177918814853e+01 7.849803489126156997e+00 1.026971187886571357e+01 -3.678174064656761999e+00 -3.317958795117144088e+00 -2.869107910742952239e+00 1.276456188794613311e+00 -2.261241856991636467e+01
2.694877017778436112e+01 2.169297991615030696e+01 2.381441623914482619e+01 3.162642370396093483e+01 2.151705537024282577e+01 2.779493580746298775e+01 1.530700802515500136e+01 9.697108029182611233e+01 1.155969141445618042e+01 1.932593381772813501e+01 2.675742583128487695e+01 7.192073437435188232e+00 2.857769416412839991e+00 2.668141620498950672e+01 3.148998872044049335e+01 -3.247626774189698295e+01 5.650910993096026402e+01 1.243597926299711247e+02 7.009726705693496740e+01 -4.332039094210844432e-01 1.789143324742643415e+01 9.346661904635841012e+00 3.710511755201711281e+01 7.285427464389076846e+00 1.565228489125278699e+01 -1.316806131371323119e+01 -5.271667071439833485e+00 1.651346084790854540e+00 -8.062292527419292476e-01 -2.499709472721646719e+01
9.254087928035492183e+00 6.333611966006183813e+00 8.033749622096504339e+00 1.062725968421931100e+01 7.073428565549309432e+00 1.162521903004286195e+01 8.922802533871593056e+00 1.155969141445618042e+01 6.257628936872902869e+01 1.589311149702458614e+01 1.185699713976567793e+01 1.245936696268379329e+01 1.928119813042141217e+01 1.136934705470775775e+01 1.398127361172860361e+01 1.876858205694837878e+01 3.940111833353825688e+01 6.763123082268269570e+01 3.554829050059344553e+01 1.824506211324581528e+01 1.489941275238586726e+01 1.022755940325892787e+01 1.641421975136312383e+01 1.059544819673047478e+01 1.662125848764716807e+01 1.357406682130102560e+01 1.038605477333847027e+01 1.937030342121229154e+01 1.435819340581043413e+01 2.071628757110528340e+01
1.894896890318359084e+01 1.419874777677197386e+01 1.623511804097564593e+01 2.171128539270507574e+01 1.409207113007155243e+01 1.980638222952459415e+01 1.337730494890834620e+01 1.932593381772813501e+01 1.589311149702458614e+01 1.042041924642122410e+02 2.136228415692191263e+01 1.342386314691887961e+01 1.744931534323244193e+01 1.957173545812792881e+01 2.157344486687492591e+01 7.244915106814504568e+00 4.783687274229423991e+01 9.240714027022548294e+01 4.885362575104768013e+01 1.165895319327981738e+01 1.924809531478945601e+01 1.205833634616138994e+01 2.082347498482404902e+01 1.205095312257002860e+01 1.954883041638067454e+01 5.099801902666161624e+00 5.418027695408109246e+00 1.559159701120803021e+01 9.293901977934634573e+00 6.367461962270810183e+00
3.060979899776657476e+01 2.242678096313368741e+01 2.799468725241946743e+01 3.314134736754745347e+01 2.197236053441420722e+01 2.687218823044258542e+01 1.721907154282405372e+01 2.675742583128487695e+01 1.185699713976567793e+01 2.136228415692191263e+01 1.061036331802602177e+02 5.878266861030414958e+00 6.944253804069039360e-01 2.928373913150544183e+01 3.357318500965232033e+01 -4.019790509532598577e+01 4.140090519194965424e+01 8.026826785092086425e+01 4.870240269555299051e+01 -1.374763654787677325e+01 1.723181149034916615e+01 8.998656618605675561e+00 2.530217744598330043e+01 7.613581403868451503e+00 1.662584350032460279e+01 -2.639356712967476071e+01 -4.592684990828981739e+00 -3.503296493912161136e+00 -1.028844935195366084e+01 -4.445683031813245378e+01
4.456164667625999165e+00 8.385496489935096776e+00 5.518995451461830903e+00 5.225458323221307211e+00 1.038091645255103757e+01 1.521904863362724392e+01 8.924240613530809441e+00 7.192073437435188232e+00 1.245936696268379329e+01 1.342386314691887961e+01 5.878266861030414958e+00 1.354272367498514598e+02 1.653065854713535998e+01 1.176217513549704385e+01 9.917197567193104746e+00 4.206510939792237025e+01 2.792376257868047418e+01 4.812270547005041266e+01 2.912601425781681641e+01 3.627596353084244640e+01 1.539010856926628357e+01 1.358467964745633338e+01 2.456422034090961404e+01 1.963277102257649176e+01 1.902129208632442214e+01 4.362171906989948411e+01 1.675859318056076575e+01 1.946978897055771185e+01 3.679409217722040637e+01 3.856420906119647185e+01
-1.140827301963984119e+01 -1.585936550481025087e+01 -1.093307024908259351e+01 -1.193864770849160095e+01 -1.268186756193883014e+01 -3.652606583029416321e+00 -6.102294142423094758e-01 2.857769416412839991e+00 1.928119813042141217e+01 1.744931534323244193e+01 6.944253804069039360e-01 1.653065854713535998e+01 2.485911621134906397e+02 -1.745871479696238238e+00 1.275845576023383998e+01 1.100317772143880148e+02 1.128213545078526323e+02 1.131803655071176991e+02 5.676836930342454934e+01 7.014763036595680035e+01 1.762276323130243938e+01 1.407756903827800166e+01 2.374072212081070177e+01 1.597955462906478097e+01 2.954500161742038244e+01 5.252438213328889560e+01 4.555291888382222965e+01 7.856324839862402598e+01 5.349740143756408628e+01 1.378289361507545152e+02
2.932550294373929489e+01 2.631374208311087770e+01 2.759970429157955962e+01 3.447629315305196229e+01 2.585068264504604585e+01 3.270441665722326263e+01 1.790131553693446165e+01 2.668141620498950672e+01 1.136934705470775775e+01 1.957173545812792881e+01 2.928373913150544183e+01 1.176217513549704385e+01 -1.745871479696238238e+00 8.089452418393895528e+01 3.237902230615991783e+01 -2.886226405728638866e+01 4.843916175740472596e+01 1.119600018034624895e+02 6.457493465752693851e+01 1.448613738660785355e+00 2.004030185230572059e+01 1.114893507342790002e+01 4.265411735329178811e+01 1.209398270433201716e+01 1.687960322559523973e+01 -5.753410250691260330e+00 -3.690281937453797845e+00 -3.769126786934569484e+00 7.059489572626799436e+00 -3.186367891520587392e+01
2.884305299749220453e+01 2.340937937195229424e+01 2.726016187379337197e+01 3.291842042611149566e+01 2.438565986155386511e+01 3.243847680131905520e+01 1.700601865287279324e+01 3.148998872044049335e+01 1.398127361172860361e+01 2.157344486687492591e+01 3.357318500965232033e+01 9.917197567193104746e+00 1.275845576023383998e+01 3.237902230615991783e+01 2.964090802928616881e+02 -1.960009735705300926e+01 8.172475855728612260e+01 1.405163884850741738e+02 8.000765030310174097e+01 1.010165682194210390e+01 2.232207863687463956e+01 1.181292007550628753e+01 4.386206058485598192e+01 1.192602088984932784e+01 2.460829842989287997e+01 -4.649021269971328252e+00 3.912461089938989556e+00 1.339877142623532613e+01 9.059322391865784141e+00 -1.366466687581541883e+01
-5.368507753916853176e+01 -4.437347944808912104e+01 -5.003409912735440912e+01 -5.895313868938757906e+01 -3.638412451928478220e+01 -2.425141522316168263e+01 -1.825521134638745124e+01 -3.247626774189698295e+01 1.876858205694837878e+01 7.244915106814504568e+00 -4.019790509532598577e+01 4.206510939792237025e+01 1.100317772143880148e+02 -2.886226405728638866e+01 -1.960009735705300926e+01 7.162997696019468776e+02 1.196946022044791107e+02 2.116614515302982369e+01 1.689348773994100128e+01 1.694405939061089725e+02 1.335206821831750190e+01 2.357621289753614491e+01 1.799615087418109383e+01 3.734038628141411920e+01 3.524921967786529819e+01 1.776316200532070866e+02 9.582032552494989375e+01 1.252631839573697903e+02 1.434975467832139486e+02 3.059839631236610558e+02
2.294340197855303742e+01 1.396965949946157970e+01 1.842038565260141070e+01 4.248500169437836860e+01 1.859549148699636589e+01 5.919828130313415926e+01 1.908155910622948781e+01 5.650910993096026402e+01 3.940111833353825688e+01 4.783687274229423991e+01 4.140090519194965424e+01 2.792376257868047418e+01 1.128213545078526323e+02 4.843916175740472596e+01 8.172475855728612260e+01 1.196946022044791107e+02 8.063013503026861599e+02 6.351698322903324652e+02 3.367770637116844341e+02 1.672645960479796088e+02 5.880836695107755219e+01 3.504637481056255410e+01 1.932565939251370537e+02 3.327135974586270351e+01 6.964929640603897099e+01 8.070249317491968100e+01 7.205236996997416554e+01 1.394825106018996621e+02 1.354272343778486061e+02 2.377575079661556003e+02
7.707242727100721424e+01 7.068854061131212063e+01 6.713187772966504951e+01 1.334473434147342346e+02 7.594084695583563871e+01 1.603422170367443869e+02 6.236902819478657989e+01 1.243597926299711247e+02 6.763123082268269570e+01 9.240714027022548294e+01 8.026826785092086425e+01 4.812270547005041266e+01 1.131803655071176991e+02 1.119600018034624895e+02 1.405163884850741738e+02 2.116614515302982369e+01 6.351698322903324652e+02 2.359968960975792925e+03 7.455933371649837227e+02 2.005474356187777687e+02 1.128849082255681111e+02 6.081034506770125603e+01 4.353376833962509522e+02 4.939731014938619325e+01 1.057807428611565967e+02 5.420966587431765760e+01 3.803003991504743198e+01 1.422955874450253475e+02 1.589908331457039594e+02 2.339408817657595137e+02
4.613978474215734593e+01 4.138015862424474989e+01 3.940970566175904821e+01 7.109744457794631955e+01 4.563236295450622748e+01 8.877804777372622880e+01 3.416363795834803341e+01 7.009726705693496740e+01 3.554829050059344553e+01 4.885362575104768013e+01 4.870240269555299051e+01 2.912601425781681641e+01 5.676836930342454934e+01 6.457493465752693851e+01 8.000765030310174097e+01 1.689348773994100128e+01 3.367770637116844341e+02 7.455933371649837227e+02 7.160860409957753063e+02 1.085722755595332814e+02 6.026227780802160083e+01 3.408446535495115626e+01 2.276252267464961392e+02 3.265979404671779207e+01 5.946249640371745926e+01 3.706397827186061278e+01 2.690744744303954405e+01 7.774956596500953765e+01 9.379924540886641182e+01 1.228722042177728753e+02
-1.994118275287927489e+01 -1.040416378456745683e+01 -1.899166994212654558e+01 -1.571339798656109288e+01 -3.703342348627225000e+00 1.453293883083035887e+01 -2.402683792100683391e+00 -4.332039094210844432e-01 1.824506211324581528e+01 1.165895319327981738e+01 -1.374763654787677325e+01 3.627596353084244640e+01 7.014763036595680035e+01 1.448613738660785355e+00 1.010165682194210390e+01 1.694405939061089725e+02 1.672645960479796088e+02 2.005474356187777687e+02 1.085722755595332814e+02 8.293577174202687274e+02 2.239477381480006457e+01 2.330722227294094395e+01 8.361527161396246299e+01 3.445755466897143293e+01 3.645390707688222420e+01 1.318529302988107759e+02 6.624484395191265662e+01 9.348365487415604491e+01 1.284168356120107148e+02 2.157964212687684551e+02
1.576209290158976728e+01 1.427006006928340831e+01 1.459242512640468625e+01 1.952721936382048895e+01 1.490224472237386877e+01 2.176625459824544961e+01 1.344911017520693264e+01 1.789143324742643415e+01 1.489941275238586726e+01 1.924809531478945601e+01 1.723181149034916615e+01 1.539010856926628357e+01 1.762276323130243938e+01 2.004030185230572059e+01 2.232207863687463956e+01 1.335206821831750190e+01 5.880836695107755219e+01 1.128849082255681111e+02 6.026227780802160083e+01 2.239477381480006457e+01 1.219255168911414700e+02 1.373335735074743980e+01 3.530097628804306709e+01 1.386215832207018828e+01 1.853847037814507459e+01 1.636751353674663534e+01 8.942760729053613744e+00 1.694049808974566318e+01 2.169346869535203481e+01 1.801671091801918934e+01
7.374233237147056919e+00 7.094807172852326538e+00 7.312896222876092089e+00 9.121072552890632679e+00 8.387404605586100459e+00 1.318095661395390295e+01 7.149240061635128818e+00 9.346661904635841012e+00 1.022755940325892787e+01 1.205833634616138994e+01 8.998656618605675561e+00 1.358467964745633338e+01 1.407756903827800166e+01 1.114893507342790002e+01 1.181292007550628753e+01 2.357621289753614491e+01 3.504637481056255410e+01 6.081034506770125603e+01 3.408446535495115626e+01 2.330722227294094395e+01 1.373335735074743980e+01 8.353072257024088287e+01 2.279579306580138010e+01 1.244082239563289960e+01 1.401578901595486037e+01 2.157229412793766699e+01 1.043410444960567673e+01 1.629504649080845269e+01 2.258799121609400018e+01 2.371284211578429790e+01
2.439433802387661032e+01 2.845256283105364048e+01 2.459294090016589607e+01 3.899845458201451720e+01 3.306396317366042581e+01 6.003122285806727376e+01 2.037916177918814853e+01 3.710511755201711281e+01 1.641421975136312383e+01 2.082347498482404902e+01 2.530217744598330043e+01 2.456422034090961404e+01 2.374072212081070177e+01 4.265411735329178811e+01 4.386206058485598192e+01 1.799615087418109383e+01 1.932565939251370537e+02 4.353376833962509522e+02 2.276252267464961392e+02 8.361527161396246299e+01 3.530097628804306709e+01 2.279579306580138010e+01 4.164080042019557482e+02 2.702427271374176243e+01 3.399026088516085764e+01 4.657979761917766126e+01 2.155410177257843429e+01 4.015943452266505886e+01 8.268602222092580689e+01 7.935075670718860863e+01
5.213915804122894571e+00 8.087620394294512849e+00 6.754092817862983544e+00 5.880607056973773616e+00 1.020330806661512923e+01 1.445960161699630575e+01 7.849803489126156997e+00 7.285427464389076846e+00 1.059544819673047478e+01 1.205095312257002860e+01 7.613581403868451503e+00 1.963277102257649176e+01 1.597955462906478097e+01 1.209398270433201716e+01 1.192602088984932784e+01 3.734038628141411920e+01 3.327135974586270351e+01 4.939731014938619325e+01 3.265979404671779207e+01 3.445755466897143293e+01 1.386215832207018828e+01 1.244082239563289960e+01 2.702427271374176243e+01 8.178641944849977108e+01 1.666029972523710612e+01 3.690838754955004219e+01 1.799792612121652624e+01 1.926331579510556935e+01 3.595752039426665192e+01 3.488365269528410550e+01
1.239616148008699881e+01 8.836256560719684572e+00 1.059671340921578420e+01 1.366913576794327767e+01 1.022422623956805410e+01 1.876476782372706609e+01 1.026971187886571357e+01 1.565228489125278699e+01 1.662125848764716807e+01 1.954883041638067454e+01 1.662584350032460279e+01 1.902129208632442214e+01 2.954500161742038244e+01 1.687960322559523973e+01 2.460829842989287997e+01 3.524921967786529819e+01 6.964929640603897099e+01 1.057807428611565967e+02 5.946249640371745926e+01 3.645390707688222420e+01 1.853847037814507459e+01 1.401578901595486037e+01 3.399026088516085764e+01 1.666029972523710612e+01 1.304592046320842655e+02 2.529626296029945465e+01 2.110092013524322141e+01 3.376623508253956629e+01 3.106470277211020559e+01 4.239438041165998072e+01
-2.680069745545180382e+01 -1.018439853376741944e+01 -2.150886200427133588e+01 -2.787503900072182716e+01 -3.733102144061129835e+00 7.143703693594947168e+00 -3.678174064656761999e+00 -1.316806131371323119e+01 1.357406682130102560e+01 5.099801902666161624e+00 -2.639356712967476071e+01 4.362171906989948411e+01 5.252438213328889560e+01 -5.753410250691260330e+00 -4.649021269971328252e+00 1.776316200532070866e+02 8.070249317491968100e+01 5.420966587431765760e+01 3.706397827186061278e+01 1.318529302988107759e+02 1.636751353674663534e+01 2.157229412793766699e+01 4.657979761917766126e+01 3.690838754955004219e+01 2.529626296029945465e+01 6.903214992275592294e+02 5.645302621226873185e+01 6.473521660950400758e+01 1.295499902282994356e+02 1.953112522019732182e+02
-1.422028605451270167e+01 -1.401549842224645204e+01 -1.249573129829715334e+01 -1.700299247054044471e+01 -9.863619553484626934e+00 -4.335856739957026917e+00 -3.317958795117144088e+00 -5.271667071439833485e+00 1.038605477333847027e+01 5.418027695408109246e+00 -4.592684990828981739e+00 1.675859318056076575e+01 4.555291888382222965e+01 -3.690281937453797845e+00 3.912461089938989556e+00 9.582032552494989375e+01 7.205236996997416554e+01 3.803003991504743198e+01 2.690744744303954405e+01 6.624484395191265662e+01 8.942760729053613744e+00 1.043410444960567673e+01 2.155410177257843429e+01 1.799792612121652624e+01 2.110092013524322141e+01 5.645302621226873185e+01 2.739523236754005211e+02 6.025822343577787166e+01 5.760873766376370497e+01 1.142799292564758957e+02
-1.787648530995018703e+01 -2.036853280905580732e+01 -1.581957068205208294e+01 -1.879624236444528051e+01 -1.493144880200191338e+01 -4.687756544058876429e+00 -2.869107910742952239e+00 1.651346084790854540e+00 1.937030342121229154e+01 1.559159701120803021e+01 -3.503296493912161136e+00 1.946978897055771185e+01 7.856324839862402598e+01 -3.769126786934569484e+00 1.339877142623532613e+01 1.252631839573697903e+02 1.394825106018996621e+02 1.422955874450253475e+02 7.774956596500953765e+01 9.348365487415604491e+01 1.694049808974566318e+01 1.629504649080845269e+01 4.015943452266505886e+01 1.926331579510556935e+01 3.376623508253956629e+01 6.473521660950400758e+01 6.025822343577787166e+01 3.273913241306256054e+02 7.335585515925168920e+01 1.656692679932824888e+02
-1.459771868950100782e+01 -2.624735666327509875e+00 -1.144102504194088255e+01 -1.087875972089836374e+01 3.594760463809806517e+00 1.944070504979974956e+01 1.276456188794613311e+00 -8.062292527419292476e-01 1.435819340581043413e+01 9.293901977934634573e+00 -1.028844935195366084e+01 3.679409217722040637e+01 5.349740143756408628e+01 7.059489572626799436e+00 9.059322391865784141e+00 1.434975467832139486e+02 1.354272343778486061e+02 1.589908331457039594e+02 9.379924540886641182e+01 1.284168356120107148e+02 2.169346869535203481e+01 2.258799121609400018e+01 8.268602222092580689e+01 3.595752039426665192e+01 3.106470277211020559e+01 1.295499902282994356e+02 5.760873766376370497e+01 7.335585515925168920e+01 5.291877202861038541e+02 1.796855252734133046e+02
-6.303326842241693839e+01 -5.046566740645673832e+01 -5.918429707513936222e+01 -6.056573164362723816e+01 -4.169575706772162249e+01 -1.922755833932499669e+01 -2.261241856991636467e+01 -2.499709472721646719e+01 2.071628757110528340e+01 6.367461962270810183e+00 -4.445683031813245378e+01 3.856420906119647185e+01 1.378289361507545152e+02 -3.186367891520587392e+01 -1.366466687581541883e+01 3.059839631236610558e+02 2.377575079661556003e+02 2.339408817657595137e+02 1.228722042177728753e+02 2.157964212687684551e+02 1.801671091801918934e+01 2.371284211578429790e+01 7.935075670718860863e+01 3.488365269528410550e+01 4.239438041165998072e+01 1.953112522019732182e+02 1.142799292564758957e+02 1.656692679932824888e+02 1.796855252734133046e+02 1.527359808515977193e+03
