9.124387263350726585e+01 2.699495560920349746e+01 2.947175848455226088e+01 1.832187774660120283e+01 3.279822626200304114e+01 1.052348595419766220e+01 1.527210064259267241e+01 3.280472484788456455e+01 2.800298453832433410e+01 1.804668224982735580e+01 2.668334260546606984e+01 -3.305350492154102682e+01 -1.096467427019540075e+01 -4.200081383888005604e+01 -5.690248567870110463e+01 1.839367203393392458e+01 3.404092008241190825e+01 2.650870322402236212e+01 7.342102775130247494e+01 5.341585235866224934e+01 2.241418514868062672e+01 2.119605332307931533e+01 2.948741139202979511e+01 4.872750740350688226e+00 4.893762937218270537e+01 1.151294178919092914e+00 2.465724309915519896e+01 1.626945110802562766e+01 3.588536722142882773e+00 1.842859897548408910e+01 8.867474667217583928e+00 -1.744796888881693420e+01 1.318530084088464704e+01 -1.319262580161120901e+01 -2.740589738752997917e+01 -4.236796472215168308e+01
2.699495560920349746e+01 1.067261737572250695e+02 2.570563852822580131e+01 1.439554925924872286e+01 2.582431698530022146e+01 3.429026491363207363e+00 1.668290165991271579e+01 2.691670722164629126e+01 2.874042078010845458e+01 1.903314186979244127e+01 2.328669389657262201e+01 -2.422866056831754378e+01 -1.068723877642291775e+01 -3.189465323846621914e+01 -4.481315076640525774e+01 5.595611201080154196e+00 3.411763016254418091e+01 2.611466901437660582e+01 4.737749591967961749e+01 5.256272607052840584e+01 1.856096008978147793e+01 1.588535535391029896e+01 2.407135263200579800e+01 3.712495568428467951e+00 3.801628996348791389e+01 1.965970726077510555e+00 2.407500161231191527e+01 1.332611422163856574e+01 5.565346680183887784e+00 2.378742167128782725e+01 2.761137072559051830e+00 -2.417873063897178199e+01 1.496729579397808862e+01 -3.302358576455064476e+00 -3.129091887407773598e+01 -3.692400973541877818e+01
2.947175848455226088e+01 2.570563852822580131e+01 1.167904032444132412e+02 1.605742610712531260e+01 2.969018607204677096e+01 9.785688128334044222e+00 1.403752236565361322e+01 2.868385830867008934e+01 2.655541286218301522e+01 1.763144825818842776e+01 2.615247408894073899e+01 -3.080365753570802312e+01 -1.179629584509347318e+01 -4.073602255615611512e+01 -5.329263940766457353e+01 1.330992725258132303e+01 3.078444689351852759e+01 2.512286707134345676e+01 6.083572101052637038e+01 4.847516472492548445e+01 2.137943961333373721e+01 1.992310175511484616e+01 2.754805435763924493e+01 4.239245390242236233e+00 4.423424282840329624e+01 1.067823346611337154e+00 2.263950186679736731e+01 1.503301625929621643e+01 3.913405779684286490e+00 1.887654221064094173e+01 8.065943914201884724e+00 -1.676784631466023257e+01 1.381674149076110325e+01 -1.307031729161212930e+01 -2.498868432776545845e+01 -4.007794998245503848e+01
1.832187774660120283e+01 1.439554925924872286e+01 1.605742610712531260e+01 1.310467644360646773e+02 2.239017738758236220e+01 1.928496902664963386e+01 1.532328315948569220e+01 2.149955763759837168e+01 1.507397144264178834e+01 8.814769017443667920e+00 1.732914174177510347e+01 1.542329824219076784e+01 1.857160730867846965e+01 3.783973705100923457e+00 1.894090729073686807e+00 3.904066936844657931e+01 2.215945023688056637e+01 1.865323005088527353e+01 9.022983972262557018e+01 6.859432634905981274e+01 1.558814584802508563e+01 1.709115599483602210e+01 1.932372411842407089e+01 1.509310131068836647e+01 2.857876695242361009e+01 1.330729174151418448e+01 1.332929286012989678e+01 2.126327657745068933e+01 1.346077284938398755e+01 2.034931401002054585e+01 2.427763241433020980e+01 1.568719541319981836e+01 1.388748053699060137e+01 1.315826367712192635e+01 8.715116752835342595e+00 1.756298283228660040e+01
3.279822626200304114e+01 2.582431698530022146e+01 2.969018607204677096e+01 2.239017738758236220e+01 1.343788281683784476e+02 1.799033478348707860e+01 1.655782040936757582e+01 3.188499435664202153e+01 2.758654252916987559e+01 1.777914034248911079e+01 3.204968194421111605e+01 -1.962876743935939317e+01 9.860610923241811543e-01 -2.903750852989205100e+01 -4.275354024432130018e+01 3.895897588643661180e+01 3.382568653349939325e+01 2.861561121510276706e+01 9.271019581699043499e+01 6.611455137457458875e+01 2.432148000193510740e+01 2.449341618986074565e+01 3.283933467537508477e+01 9.691646527619033336e+00 5.173408617322297687e+01 6.157618722949996126e+00 2.553131555892221982e+01 2.006624290285690648e+01 7.766236406913246348e+00 2.168011369107578901e+01 1.884923907615433336e+01 -4.506794900514777602e+00 1.780501401657295091e+01 -2.716203084336060947e+00 -1.364805193388592031e+01 -2.261603116852981188e+01
1.052348595419766220e+01 3.429026491363207363e+00 9.785688128334044222e+00 1.928496902664963386e+01 1.799033478348707860e+01 1.419283187068842267e+02 9.061019522227200085e+00 1.153838675410909964e+01 5.572887605922121956e+00 3.930929439106074064e+00 1.717412479253893309e+01 1.728739542200458601e+01 2.685985212155988933e+01 1.690103751475312777e+01 1.742204399762476541e+01 5.951438978032104643e+01 8.849361212872032922e+00 1.138520237817858671e+01 9.622283822397736230e+01 5.956677080424139348e+01 1.212187330272790931e+01 1.471312652744590288e+01 1.617453046351355184e+01 1.494270693683145801e+01 2.435910914990114762e+01 1.209871047020601864e+01 7.853372358528906361e+00 1.813497613799020058e+01 1.144790094961523863e+01 1.523435378156207598e+01 2.748064901117824022e+01 3.292327201213098675e+01 9.256771250507140891e+00 1.651494112580823170e+01 2.484661781417063864e+01 3.374646435004326150e+01
1.527210064259267241e+01 1.668290165991271579e+01 1.403752236565361322e+01 1.532328315948569220e+01 1.655782040936757582e+01 9.061019522227200085e+00 1.429747012152273840e+02 1.493292916327365383e+01 1.696891601994575893e+01 1.278191307703963631e+01 1.365994442272223353e+01 1.014761145873425541e+01 8.254061338474391718e+00 6.786543902807430584e+00 -3.228324099377274936e-01 1.501801359620359122e+01 2.098892354418181583e+01 1.809684133530736361e+01 4.365626738433915222e+01 4.859735438575321353e+01 1.136952082149150911e+01 1.190074738400295118e+01 1.567440896876328260e+01 1.003910703274828897e+01 2.098654798079570227e+01 9.680646907581328620e+00 1.524635813198100998e+01 1.494083587216732134e+01 1.110925760352058234e+01 2.364377655604004147e+01 1.109421245363176389e+01 -3.870598396182722278e-01 1.385837825009712176e+01 1.665317763267288953e+01 -5.208005445754251284e+00 1.693354048231221931e+00
3.280472484788456455e+01 2.691670722164629126e+01 2.868385830867008934e+01 2.149955763759837168e+01 3.188499435664202153e+01 1.153838675410909964e+01 1.493292916327365383e+01 1.941648142329164273e+02 2.652917602849210965e+01 1.826960910823821749e+01 2.375102123884198591e+01 -3.760427666752993758e+01 -1.348933322225323828e+01 -4.579930044382096810e+01 -5.909246528745820370e+01 2.048503827404759647e+01 3.653022287644165544e+01 2.442753811780428919e+01 9.603714709432087204e+01 6.357464646099563055e+01 2.365206355376881575e+01 2.203290538285664724e+01 2.981126426559836418e+01 4.848410409853063818e+00 5.050025466870552293e+01 1.556786842185573505e+00 2.318195124484116221e+01 1.872373309883096582e+01 3.321314316374942788e+00 1.685874094151689206e+01 1.024703249284240769e+01 -1.813394568949392038e+01 8.680254491620834401e+00 -1.796908355485688702e+01 -2.932935684063891912e+01 -4.133843806463344350e+01
2.800298453832433410e+01 2.874042078010845458e+01 2.655541286218301522e+01 1.507397144264178834e+01 2.758654252916987559e+01 5.572887605922121956e+00 1.696891601994575893e+01 2.652917602849210965e+01 9.590916469062528904e+01 1.936931503739794280e+01 2.395524048537001605e+01 -1.925709374413592911e+01 -7.858357842910310254e+00 -2.505884317025568109e+01 -3.731043774381464573e+01 1.477823214243522187e+01 3.550899250297720755e+01 2.690649675828556653e+01 5.954669117210388407e+01 6.223534690829998084e+01 1.911128855774643753e+01 1.704692437262033167e+01 2.558256675319940854e+01 4.636550279562167809e+00 4.032461645774012737e+01 3.653792210845204114e+00 2.641895735326098560e+01 1.523970028815739930e+01 6.132377039359402815e+00 3.066052269188807955e+01 5.327026539142977413e+00 -2.092443522918390286e+01 1.649476339792251878e+01 1.246818175989143240e+00 -2.716962560627418455e+01 -2.972821123875957383e+01
1.804668224982735580e+01 1.903314186979244127e+01 1.763144825818842776e+01 8.814769017443667920e+00 1.777914034248911079e+01 3.930929439106074064e+00 1.278191307703963631e+01 1.826960910823821749e+01 1.936931503739794280e+01 1.144213458816386577e+02 1.612625298527029472e+01 -1.130819273522185853e+01 -3.550738834445014369e+00 -1.631413019045862356e+01 -2.449813101254933656e+01 4.799119531860948307e+00 2.363530470108218040e+01 1.844272287629570428e+01 4.075165760636615175e+01 4.596414779724509714e+01 1.221273380202298497e+01 1.189726970542829854e+01 1.777626184087034744e+01 4.010780266295869367e+00 2.539109261574225940e+01 3.572861020795112807e+00 1.718001208351598308e+01 1.107059897829516437e+01 5.635695891085026332e+00 2.172864762683938267e+01 3.668018730228177926e+00 -1.221070976988433365e+01 1.263706392190971428e+01 1.763670809522195571e+00 -1.712081354947413203e+01 -2.167369562641872349e+01
2.668334260546606984e+01 2.328669389657262201e+01 2.615247408894073899e+01 1.732914174177510347e+01 3.204968194421111605e+01 1.717412479253893309e+01 1.365994442272223353e+01 2.375102123884198591e+01 2.395524048537001605e+01 1.612625298527029472e+01 2.396181293579180362e+02 -1.247782029066307530e+01 7.731986966490079105e+00 -1.673389713729219963e+01 -2.364096672121573661e+01 4.593734506291835373e+01 2.904978990080383383e+01 2.769854727906865577e+01 9.645593661426900667e+01 7.656377804699856426e+01 2.093442436642755666e+01 2.061279023755038153e+01 2.965699901958520002e+01 8.988110764781541917e+00 4.761513361732753680e+01 5.691667675168374352e+00 2.475230103865951392e+01 1.870813925720903725e+01 9.829404877807446539e+00 3.189270878538404119e+01 1.770767012481678648e+01 4.140216895206616954e+00 1.908066241800828777e+01 5.352096058572353598e+00 -4.814094370634814268e+00 -6.878536047350397808e+00
-3.305350492154102682e+01 -2.422866056831754378e+01 -3.080365753570802312e+01 1.542329824219076784e+01 -1.962876743935939317e+01 1.728739542200458601e+01 1.014761145873425541e+01 -3.760427666752993758e+01 -1.925709374413592911e+01 -1.130819273522185853e+01 -1.247782029066307530e+01 3.367024411558555244e+02 9.137303220271282100e+01 1.668396137024837742e+02 1.929800676153195411e+02 6.132359951040727708e+01 -2.576022329288529633e+01 -5.882996810130235232e+00 1.195470134695045061e+01 4.792222676528430725e+01 -2.090283302844215640e+01 -9.624643991612355620e+00 -1.833394296139654855e+01 3.285447417329104525e+01 -5.016096675608211797e+01 4.028836301740492587e+01 -1.391884864315361980e+01 1.353688237946332684e+01 3.614498559037333081e+01 4.014807364203768714e+01 4.199696545004657366e+01 8.555859098581377964e+01 2.435704376068981603e+01 1.113503884467163090e+02 9.654434796967993293e+01 1.628978209819159986e+02
-1.096467427019540075e+01 -1.068723877642291775e+01 -1.179629584509347318e+01 1.857160730867846965e+01 9.860610923241811543e-01 2.685985212155988933e+01 8.254061338474391718e+00 -1.348933322225323828e+01 -7.858357842910310254e+00 -3.550738834445014369e+00 7.731986966490079105e+00 9.137303220271282100e+01 3.600082645560128185e+02 1.048843331557341401e+02 1.338833588267939376e+02 1.083755245675171466e+02 -2.261682658293209247e+00 7.342242237109606329e+00 1.333353085905226862e+02 1.182268455373767750e+02 -2.577441471690725461e+00 2.797558661371965627e+00 1.478021942063813432e+00 2.455611348872130861e+01 -3.646703088468370435e+00 2.850719785985664245e+01 1.547230357991584704e+00 1.988104000468771915e+01 2.698454000673982378e+01 5.584660064596774731e+01 4.144605874938831391e+01 7.747558904847097949e+01 1.939021297205511729e+01 8.385672190794930714e+01 7.211260812210846893e+01 1.250057103252935491e+02
-4.200081383888005604e+01 -3.189465323846621914e+01 -4.073602255615611512e+01 3.783973705100923457e+00 -2.903750852989205100e+01 1.690103751475312777e+01 6.786543902807430584e+00 -4.579930044382096810e+01 -2.505884317025568109e+01 -1.631413019045862356e+01 -1.673389713729219963e+01 1.668396137024837742e+02 1.048843331557341401e+02 1.157245829331157893e+03 2.411868133076053482e+02 9.150229329324578487e+01 -3.135994250920352755e+01 -8.424790392197694544e+00 4.948214326328316481e+00 3.700320773912826411e+01 -2.907098830283283419e+01 -1.916363942988188285e+01 -2.451180838623752578e+01 2.673456518377770408e+01 -6.355654980597828541e+01 3.926256468487049034e+01 -1.255967863785953575e+01 7.637689042451787813e+00 3.695083289435434182e+01 4.828964226623716627e+01 2.972951436945141523e+01 8.721761622747040121e+01 1.990816262367027178e+01 1.448453263568264333e+02 1.079431069900129501e+02 2.137694174166117023e+02
-5.690248567870110463e+01 -4.481315076640525774e+01 -5.329263940766457353e+01 1.894090729073686807e+00 -4.275354024432130018e+01 1.742204399762476541e+01 -3.228324099377274936e-01 -5.909246528745820370e+01 -3.731043774381464573e+01 -2.449813101254933656e+01 -2.364096672121573661e+01 1.929800676153195411e+02 1.338833588267939376e+02 2.411868133076053482e+02 1.182802063698811253e+03 1.480758984516343162e+02 -3.391471271593146497e+01 -1.320266340894149337e+01 1.242213620667607188e+02 1.473808610992828108e+02 -3.900373080227657852e+01 -2.518685135281489451e+01 -3.639663991255191178e+01 2.783298036861465974e+01 -6.384936553665385617e+01 4.377011937907228400e+01 -1.719109932451089406e+01 9.073979612751831070e+00 4.184286213470623039e+01 9.341121524890138517e+01 4.588426523363897758e+01 1.315881751721643695e+02 1.969135493363064526e+01 1.746449766262413164e+02 1.427608031056659001e+02 2.706253985800635746e+02
1.839367203393392458e+01 5.595611201080154196e+00 1.330992725258132303e+01 3.904066936844657931e+01 3.895897588643661180e+01 5.951438978032104643e+01 1.501801359620359122e+01 2.048503827404759647e+01 1.477823214243522187e+01 4.799119531860948307e+00 4.593734506291835373e+01 6.132359951040727708e+01 1.083755245675171466e+02 9.150229329324578487e+01 1.480758984516343162e+02 7.555204670500982047e+02 4.533177022485707397e+01 4.183856559213516135e+01 4.948879557709783512e+02 3.789507107093768923e+02 2.683615496697230540e+01 2.601091703858563164e+01 3.778847992182688387e+01 3.179126622651336120e+01 8.451132306424374008e+01 3.566096411477344930e+01 3.414942498167713580e+01 4.840738694579193435e+01 3.428700589221001138e+01 1.577052923833269631e+02 7.349817293473678603e+01 1.217434455779043390e+02 3.126790872830606105e+01 1.231481878503976617e+02 8.932725305991323239e+01 1.910609495747874860e+02
3.404092008241190825e+01 3.411763016254418091e+01 3.078444689351852759e+01 2.215945023688056637e+01 3.382568653349939325e+01 8.849361212872032922e+00 2.098892354418181583e+01 3.653022287644165544e+01 3.550899250297720755e+01 2.363530470108218040e+01 2.904978990080383383e+01 -2.576022329288529633e+01 -2.261682658293209247e+00 -3.135994250920352755e+01 -3.391471271593146497e+01 4.533177022485707397e+01 1.696191877436309312e+02 3.528951172303464290e+01 1.646978549511229062e+02 1.517577289740778497e+02 2.651124267472445339e+01 2.069257363430650898e+01 3.146968572767076466e+01 6.681629924953293553e+00 5.922463814465687193e+01 4.731176389108512126e+00 3.215222640407171184e+01 2.244232655476981719e+01 8.973414553841886132e+00 6.004043755368654445e+01 1.218282557513853526e+01 -1.372959685742617530e+01 1.762459211641571954e+01 9.546094999585713836e+00 -3.158840863693265177e+01 -1.835063750059401144e+01
2.650870322402236212e+01 2.611466901437660582e+01 2.512286707134345676e+01 1.865323005088527353e+01 2.861561121510276706e+01 1.138520237817858671e+01 1.809684133530736361e+01 2.442753811780428919e+01 2.690649675828556653e+01 1.844272287629570428e+01 2.769854727906865577e+01 -5.882996810130235232e+00 7.342242237109606329e+00 -8.424790392197694544e+00 -1.320266340894149337e+01 4.183856559213516135e+01 3.528951172303464290e+01 1.338346854185320183e+02 1.013549702188999788e+02 9.309150000273355374e+01 1.954630991562669706e+01 1.812013592459348743e+01 2.680398586410229811e+01 9.036934034113659919e+00 4.357514661713602067e+01 8.256034756514502249e+00 2.684410383871241379e+01 1.908614142718795037e+01 1.054542435411938150e+01 4.250254296196560233e+01 1.431010495747221256e+01 -2.478672145646258596e+00 2.042531589838390005e+01 1.870818146322298148e+01 -1.067927531209552505e+01 -4.459943502770483015e+00
7.342102775130247494e+01 4.737749591967961749e+01 6.083572101052637038e+01 9.022983972262557018e+01 9.271019581699043499e+01 9.622283822397736230e+01 4.365626738433915222e+01 9.603714709432087204e+01 5.954669117210388407e+01 4.075165760636615175e+01 9.645593661426900667e+01 1.195470134695045061e+01 1.333353085905226862e+02 4.948214326328316481e+00 1.242213620667607188e+02 4.948879557709783512e+02 1.646978549511229062e+02 1.013549702188999788e+02 1.957109542801793623e+03 1.009775454615396598e+03 8.659504586072617371e+01 6.862697440294904538e+01 9.350704459772848054e+01 4.798246638939500741e+01 2.369557028471562887e+02 4.763214027620865920e+01 8.827806611868612663e+01 1.071222823121677550e+02 4.965057486380661089e+01 3.698932574941846951e+02 1.259454313239992729e+02 1.704684986907321047e+02 4.333519580542306926e+01 1.350334091401009573e+02 6.084184849472284640e+01 2.133991507048619383e+02
5.341585235866224934e+01 5.256272607052840584e+01 4.847516472492548445e+01 6.859432634905981274e+01 6.611455137457458875e+01 5.956677080424139348e+01 4.859735438575321353e+01 6.357464646099563055e+01 6.223534690829998084e+01 4.596414779724509714e+01 7.656377804699856426e+01 4.792222676528430725e+01 1.182268455373767750e+02 3.700320773912826411e+01 1.473808610992828108e+02 3.789507107093768923e+02 1.517577289740778497e+02 9.309150000273355374e+01 1.009775454615396598e+03 1.517344681375383743e+03 6.436253509324139088e+01 4.727105595298480267e+01 6.786452722887155176e+01 4.150581326269386295e+01 1.785357194480519354e+02 4.905066305983267938e+01 8.213083471359411192e+01 8.835396652790031169e+01 4.963111683021133302e+01 3.577788220567055646e+02 9.210486072774837396e+01 1.237611262318912395e+02 5.578174526985458925e+01 1.554888516076396172e+02 3.539100824907490761e+01 1.886282567896801652e+02
2.241418514868062672e+01 1.856096008978147793e+01 2.137943961333373721e+01 1.558814584802508563e+01 2.432148000193510740e+01 1.212187330272790931e+01 1.136952082149150911e+01 2.365206355376881575e+01 1.911128855774643753e+01 1.221273380202298497e+01 2.093442436642755666e+01 -2.090283302844215640e+01 -2.577441471690725461e+00 -2.907098830283283419e+01 -3.900373080227657852e+01 2.683615496697230540e+01 2.651124267472445339e+01 1.954630991562669706e+01 8.659504586072617371e+01 6.436253509324139088e+01 9.701110952133524279e+01 1.651909860061158497e+01 2.206340540337748024e+01 5.451265562308631019e+00 3.864721612336597190e+01 2.588887370104371310e+00 1.755900182961954670e+01 1.504737867777192051e+01 3.713997215682622866e+00 1.845425841061281602e+01 1.134315942912052222e+01 -4.266454991963504639e+00 9.656343850537124851e+00 -8.858810855412853513e+00 -1.510337318748936397e+01 -1.898213684679806335e+01
2.119605332307931533e+01 1.588535535391029896e+01 1.992310175511484616e+01 1.709115599483602210e+01 2.449341618986074565e+01 1.471312652744590288e+01 1.190074738400295118e+01 2.203290538285664724e+01 1.704692437262033167e+01 1.189726970542829854e+01 2.061279023755038153e+01 -9.624643991612355620e+00 2.797558661371965627e+00 -1.916363942988188285e+01 -2.518685135281489451e+01 2.601091703858563164e+01 2.069257363430650898e+01 1.812013592459348743e+01 6.862697440294904538e+01 4.727105595298480267e+01 1.651909860061158497e+01 8.498908692396734921e+01 2.210882704390687081e+01 9.388824952255411915e+00 3.359368272052613236e+01 6.634597564104161016e+00 1.529540906461955352e+01 1.621993407913744889e+01 6.620238666778062608e+00 1.505241377449932827e+01 1.469637175140808516e+01 2.772921026079758988e+00 1.169049083332234673e+01 -2.329975763780177012e+00 -4.899616836094398131e+00 -1.299145196112734801e+01
2.948741139202979511e+01 2.407135263200579800e+01 2.754805435763924493e+01 1.932372411842407089e+01 3.283933467537508477e+01 1.617453046351355184e+01 1.567440896876328260e+01 2.981126426559836418e+01 2.558256675319940854e+01 1.777626184087034744e+01 2.965699901958520002e+01 -1.833394296139654855e+01 1.478021942063813432e+00 -2.451180838623752578e+01 -3.639663991255191178e+01 3.778847992182688387e+01 3.146968572767076466e+01 2.680398586410229811e+01 9.350704459772848054e+01 6.786452722887155176e+01 2.206340540337748024e+01 2.210882704390687081e+01 1.389524347843320413e+02 8.379134835631237621e+00 4.919975449286801705e+01 6.145265369869393979e+00 2.445124301883789286e+01 2.038604846835473694e+01 8.230021133442759762e+00 2.937621759144814604e+01 1.677458725829353625e+01 -1.278710599185752361e+00 1.760621880039572318e+01 3.229489949362280288e-01 -1.024933418217625558e+01 -2.175941314848239472e+01
4.872750740350688226e+00 3.712495568428467951e+00 4.239245390242236233e+00 1.509310131068836647e+01 9.691646527619033336e+00 1.494270693683145801e+01 1.003910703274828897e+01 4.848410409853063818e+00 4.636550279562167809e+00 4.010780266295869367e+00 8.988110764781541917e+00 3.285447417329104525e+01 2.455611348872130861e+01 2.673456518377770408e+01 2.783298036861465974e+01 3.179126622651336120e+01 6.681629924953293553e+00 9.036934034113659919e+00 4.798246638939500741e+01 4.150581326269386295e+01 5.451265562308631019e+00 9.388824952255411915e+00 8.379134835631237621e+00 7.661197687695521097e+01 7.987373015041553614e+00 1.448654279980584114e+01 5.078201323458993777e+00 1.407538498445470587e+01 1.327067106930591756e+01 1.743411311135919917e+01 2.077109035891831468e+01 2.420483271160194860e+01 1.167451030010945523e+01 2.497891892279753279e+01 2.247477735410864952e+01 3.190622979813343818e+01
4.893762937218270537e+01 3.801628996348791389e+01 4.423424282840329624e+01 2.857876695242361009e+01 5.173408617322297687e+01 2.435910914990114762e+01 2.098654798079570227e+01 5.050025466870552293e+01 4.032461645774012737e+01 2.539109261574225940e+01 4.761513361732753680e+01 -5.016096675608211797e+01 -3.646703088468370435e+00 -6.355654980597828541e+01 -6.384936553665385617e+01 8.451132306424374008e+01 5.922463814465687193e+01 4.357514661713602067e+01 2.369557028471562887e+02 1.785357194480519354e+02 3.864721612336597190e+01 3.359368272052613236e+01 4.919975449286801705e+01 7.987373015041553614e+00 2.183034075176591955e+02 3.725265118514521578e+00 4.031416348159958574e+01 3.034595416392435396e+01 6.754242125232790883e+00 6.294609263061024507e+01 2.394725906629680878e+01 -2.535919748029245913e+00 1.886785610706630578e+01 -7.071740352618613557e+00 -2.480959203297134508e+01 -3.183856686728103469e+01
1.151294178919092914e+00 1.965970726077510555e+00 1.067823346611337154e+00 1.330729174151418448e+01 6.157618722949996126e+00 1.209871047020601864e+01 9.680646907581328620e+00 1.556786842185573505e+00 3.653792210845204114e+00 3.572861020795112807e+00 5.691667675168374352e+00 4.028836301740492587e+01 2.850719785985664245e+01 3.926256468487049034e+01 4.377011937907228400e+01 3.566096411477344930e+01 4.731176389108512126e+00 8.256034756514502249e+00 4.763214027620865920e+01 4.905066305983267938e+01 2.588887370104371310e+00 6.634597564104161016e+00 6.145265369869393979e+00 1.448654279980584114e+01 3.725265118514521578e+00 8.284438685214938403e+01 4.345642855854778830e+00 1.350651664470020030e+01 1.432207849536301048e+01 2.340985003286990107e+01 1.938105648816330628e+01 2.723579728252315491e+01 1.275802993357980597e+01 3.211562521276722038e+01 2.500764681805483391e+01 4.173815214892847081e+01
2.465724309915519896e+01 2.407500161231191527e+01 2.263950186679736731e+01 1.332929286012989678e+01 2.553131555892221982e+01 7.853372358528906361e+00 1.524635813198100998e+01 2.318195124484116221e+01 2.641895735326098560e+01 1.718001208351598308e+01 2.475230103865951392e+01 -1.391884864315361980e+01 1.547230357991584704e+00 -1.255967863785953575e+01 -1.719109932451089406e+01 3.414942498167713580e+01 3.215222640407171184e+01 2.684410383871241379e+01 8.827806611868612663e+01 8.213083471359411192e+01 1.755900182961954670e+01 1.529540906461955352e+01 2.445124301883789286e+01 5.078201323458993777e+00 4.031416348159958574e+01 4.345642855854778830e+00 1.177751232920362980e+02 1.553795025671803742e+01 7.625539509796702475e+00 4.130175485148937042e+01 8.660333534312119497e+00 -7.836263887710757103e+00 1.761357566874240987e+01 1.250783479041773205e+01 -1.547340894764706043e+01 -1.135715564850635140e+01
1.626945110802562766e+01 1.332611422163856574e+01 1.503301625929621643e+01 2.126327657745068933e+01 2.006624290285690648e+01 1.813497613799020058e+01 1.494083587216732134e+01 1.872373309883096582e+01 1.523970028815739930e+01 1.107059897829516437e+01 1.870813925720903725e+01 1.353688237946332684e+01 1.988104000468771915e+01 7.637689042451787813e+00 9.073979612751831070e+00 4.840738694579193435e+01 2.244232655476981719e+01 1.908614142718795037e+01 1.071222823121677550e+02 8.835396652790031169e+01 1.504737867777192051e+01 1.621993407913744889e+01 2.038604846835473694e+01 1.407538498445470587e+01 3.034595416392435396e+01 1.350651664470020030e+01 1.553795025671803742e+01 1.194997952686237994e+02 1.300489970767497994e+01 3.520976338987857446e+01 2.151821971112564924e+01 1.937318995108352482e+01 1.397913268632311912e+01 2.129284799978156784e+01 8.662880463166143130e+00 1.936898678748940839e+01
3.588536722142882773e+00 5.565346680183887784e+00 3.913405779684286490e+00 1.346077284938398755e+01 7.766236406913246348e+00 1.144790094961523863e+01 1.110925760352058234e+01 3.321314316374942788e+00 6.132377039359402815e+00 5.635695891085026332e+00 9.829404877807446539e+00 3.614498559037333081e+01 2.698454000673982378e+01 3.695083289435434182e+01 4.184286213470623039e+01 3.428700589221001138e+01 8.973414553841886132e+00 1.054542435411938150e+01 4.965057486380661089e+01 4.963111683021133302e+01 3.713997215682622866e+00 6.620238666778062608e+00 8.230021133442759762e+00 1.327067106930591756e+01 6.754242125232790883e+00 1.432207849536301048e+01 7.625539509796702475e+00 1.300489970767497994e+01 7.848673259162852389e+01 2.757819695057375498e+01 1.838243473930689120e+01 2.286719461950905696e+01 1.381596445180759147e+01 3.547693112398713566e+01 2.162588081267582751e+01 3.980239888436146600e+01
1.842859897548408910e+01 2.378742167128782725e+01 1.887654221064094173e+01 2.034931401002054585e+01 2.168011369107578901e+01 1.523435378156207598e+01 2.364377655604004147e+01 1.685874094151689206e+01 3.066052269188807955e+01 2.172864762683938267e+01 3.189270878538404119e+01 4.014807364203768714e+01 5.584660064596774731e+01 4.828964226623716627e+01 9.341121524890138517e+01 1.577052923833269631e+02 6.004043755368654445e+01 4.250254296196560233e+01 3.698932574941846951e+02 3.577788220567055646e+02 1.845425841061281602e+01 1.505241377449932827e+01 2.937621759144814604e+01 1.743411311135919917e+01 6.294609263061024507e+01 2.340985003286990107e+01 4.130175485148937042e+01 3.520976338987857446e+01 2.757819695057375498e+01 4.534591486987616804e+02 3.166785336033701981e+01 5.013395436260811522e+01 3.498887183548442437e+01 9.618833018466051499e+01 2.272170440610548781e+01 9.551573164846283248e+01
8.867474667217583928e+00 2.761137072559051830e+00 8.065943914201884724e+00 2.427763241433020980e+01 1.884923907615433336e+01 2.748064901117824022e+01 1.109421245363176389e+01 1.024703249284240769e+01 5.327026539142977413e+00 3.668018730228177926e+00 1.770767012481678648e+01 4.199696545004657366e+01 4.144605874938831391e+01 2.972951436945141523e+01 4.588426523363897758e+01 7.349817293473678603e+01 1.218282557513853526e+01 1.431010495747221256e+01 1.259454313239992729e+02 9.210486072774837396e+01 1.134315942912052222e+01 1.469637175140808516e+01 1.677458725829353625e+01 2.077109035891831468e+01 2.394725906629680878e+01 1.938105648816330628e+01 8.660333534312119497e+00 2.151821971112564924e+01 1.838243473930689120e+01 3.166785336033701981e+01 2.243858156666654224e+02 4.647959000267032081e+01 1.670172198183577095e+01 3.226977392475165374e+01 3.927678397858830550e+01 5.552588723877057220e+01
-1.744796888881693420e+01 -2.417873063897178199e+01 -1.676784631466023257e+01 1.568719541319981836e+01 -4.506794900514777602e+00 3.292327201213098675e+01 -3.870598396182722278e-01 -1.813394568949392038e+01 -2.092443522918390286e+01 -1.221070976988433365e+01 4.140216895206616954e+00 8.555859098581377964e+01 7.747558904847097949e+01 8.721761622747040121e+01 1.315881751721643695e+02 1.217434455779043390e+02 -1.372959685742617530e+01 -2.478672145646258596e+00 1.704684986907321047e+02 1.237611262318912395e+02 -4.266454991963504639e+00 2.772921026079758988e+00 -1.278710599185752361e+00 2.420483271160194860e+01 -2.535919748029245913e+00 2.723579728252315491e+01 -7.836263887710757103e+00 1.937318995108352482e+01 2.286719461950905696e+01 5.013395436260811522e+01 4.647959000267032081e+01 3.292430482531703433e+02 9.279369379198028511e+00 7.338123949087804476e+01 8.856107568333035829e+01 1.373749427173564186e+02
1.318530084088464704e+01 1.496729579397808862e+01 1.381674149076110325e+01 1.388748053699060137e+01 1.780501401657295091e+01 9.256771250507140891e+00 1.385837825009712176e+01 8.680254491620834401e+00 1.649476339792251878e+01 1.263706392190971428e+01 1.908066241800828777e+01 2.435704376068981603e+01 1.939021297205511729e+01 1.990816262367027178e+01 1.969135493363064526e+01 3.126790872830606105e+01 1.762459211641571954e+01 2.042531589838390005e+01 4.333519580542306926e+01 5.578174526985458925e+01 9.656343850537124851e+00 1.169049083332234673e+01 1.760621880039572318e+01 1.167451030010945523e+01 1.886785610706630578e+01 1.275802993357980597e+01 1.761357566874240987e+01 1.397913268632311912e+01 1.381596445180759147e+01 3.498887183548442437e+01 1.670172198183577095e+01 9.279369379198028511e+00 1.792363792918629599e+02 3.048504496369319483e+01 9.725492139018115267e+00 1.578622024982763428e+01
-1.319262580161120901e+01 -3.302358576455064476e+00 -1.307031729161212930e+01 1.315826367712192635e+01 -2.716203084336060947e+00 1.651494112580823170e+01 1.665317763267288953e+01 -1.796908355485688702e+01 1.246818175989143240e+00 1.763670809522195571e+00 5.352096058572353598e+00 1.113503884467163090e+02 8.385672190794930714e+01 1.448453263568264333e+02 1.746449766262413164e+02 1.231481878503976617e+02 9.546094999585713836e+00 1.870818146322298148e+01 1.350334091401009573e+02 1.554888516076396172e+02 -8.858810855412853513e+00 -2.329975763780177012e+00 3.229489949362280288e-01 2.497891892279753279e+01 -7.071740352618613557e+00 3.211562521276722038e+01 1.250783479041773205e+01 2.129284799978156784e+01 3.547693112398713566e+01 9.618833018466051499e+01 3.226977392475165374e+01 7.338123949087804476e+01 3.048504496369319483e+01 5.356830049174017176e+02 7.191551130876747777e+01 1.577449405146457480e+02
-2.740589738752997917e+01 -3.129091887407773598e+01 -2.498868432776545845e+01 8.715116752835342595e+00 -1.364805193388592031e+01 2.484661781417063864e+01 -5.208005445754251284e+00 -2.932935684063891912e+01 -2.716962560627418455e+01 -1.712081354947413203e+01 -4.814094370634814268e+00 9.654434796967993293e+01 7.211260812210846893e+01 1.079431069900129501e+02 1.427608031056659001e+02 8.932725305991323239e+01 -3.158840863693265177e+01 -1.067927531209552505e+01 6.084184849472284640e+01 3.539100824907490761e+01 -1.510337318748936397e+01 -4.899616836094398131e+00 -1.024933418217625558e+01 2.247477735410864952e+01 -2.480959203297134508e+01 2.500764681805483391e+01 -1.547340894764706043e+01 8.662880463166143130e+00 2.162588081267582751e+01 2.272170440610548781e+01 3.927678397858830550e+01 8.856107568333035829e+01 9.725492139018115267e+00 7.191551130876747777e+01 4.492145753557385888e+02 1.351407195812529949e+02
-4.236796472215168308e+01 -3.692400973541877818e+01 -4.007794998245503848e+01 1.756298283228660040e+01 -2.261603116852981188e+01 3.374646435004326150e+01 1.693354048231221931e+00 -4.133843806463344350e+01 -2.972821123875957383e+01 -2.167369562641872349e+01 -6.878536047350397808e+00 1.628978209819159986e+02 1.250057103252935491e+02 2.137694174166117023e+02 2.706253985800635746e+02 1.910609495747874860e+02 -1.835063750059401144e+01 -4.459943502770483015e+00 2.133991507048619383e+02 1.886282567896801652e+02 -1.898213684679806335e+01 -1.299145196112734801e+01 -2.175941314848239472e+01 3.190622979813343818e+01 -3.183856686728103469e+01 4.173815214892847081e+01 -1.135715564850635140e+01 1.936898678748940839e+01 3.980239888436146600e+01 9.551573164846283248e+01 5.552588723877057220e+01 1.373749427173564186e+02 1.578622024982763428e+01 1.577449405146457480e+02 1.351407195812529949e+02 1.246693895765130719e+03
