1.196301705875944776e+02 3.155454141934025714e+01 2.701485057403015944e+01 2.050196169691790260e+01 2.823274713162129856e+01 3.480743578336767996e+01 2.666946994757144296e+01 1.950763712628449653e+01 2.804997824478794044e+01 2.926671713416935106e+01 2.536610198903123603e+01 2.953821214286305619e+01 3.297117169346891785e+01 2.868644494806789425e+01 3.668275955273652755e+01 3.219256250436303901e+01 4.369134523749339749e+00 2.256491441042247459e+01 4.296406879865846662e+01 2.881877633430518060e+01 2.423685023471091071e+01 2.186437794219231634e+01 2.094689150705260872e+01 2.920330436532267271e+01 3.339974620808051498e+01 3.168587563345207769e+01 2.550051044208485251e+01 2.026850843697543780e+01 3.905217844335033561e+01 3.180508527352137094e+01 3.377130291841270093e+01 -2.441999512323582977e-01 6.644283129029588508e+01 -1.041180895071464896e+01 1.200660745585372347e+01 2.250255825164124346e+01 5.247162694195913524e+00 6.382959890546406889e+00 -3.923078286123642044e+01 1.798634140497421541e+01 3.081225427823880736e+01 1.998090489814206094e+01 -2.652317724724209214e+01 3.353828206680712043e+01 6.118196707928135858e+00 2.930854204171124167e+01 -1.258605518330963662e+02 -2.173608341256261411e+01 -2.669870443626967926e+02 4.861179366965583881e+01 3.303321665245719174e+01 1.096437589274013824e+01 5.009660559302636784e+01 -5.416013615548776983e+01 3.097568560167908203e+01 -4.306601761348703405e+01 2.563398877938519860e+01 2.673422277774951183e+01 2.982797592297241707e+01 2.700732770764583535e+01 2.767081417628821782e+01 4.862154886652358954e+01 -1.259586045222824993e+02 -3.165831821586985839e+00 9.668643776154340230e+00 -3.091555491179960757e+00 2.760789917862604170e+01 -2.524362119141656891e+01 1.378786405162736450e+01 1.423021338140184788e+01 -1.395697627023162397e+02 -3.395002538871474229e+01 -1.933748131651950928e+02 2.163124037121903243e+01 2.882935489687949726e+01 3.064253496690755441e+01 6.633377653173172916e+01 1.929633428950325680e+01 1.940123937395718201e+01 2.795898767023308906e+01 1.360248061014336374e+00 1.606171760112045490e+02 9.205856032677523615e+00 2.935092144525388136e+01 4.445809489908462098e+01 2.061794337610896477e+00 8.950641100968038444e+00 -3.920647220710382630e+00 2.520675109490803223e+01 -1.571562248866173483e+01 1.330036074919067879e+01 1.606863056850408000e+01 3.334106928290204763e+01 1.527559969580905097e+01 1.508462245073178210e+01 -2.861537845490348175e+01 1.250055302412790503e+01 2.477964715185302680e+01 -3.458354723196254099e+01 2.635278881838043219e+01 -4.376871365152972260e+01 -1.133511821840222744e+01 4.154999187920447667e+01 -3.692747306239891336e-01 -5.537291895482440829e+00 4.400831260269957301e-01 -8.446570902893206778e+01 -1.354330204323489717e+01 2.521301268170327514e+00 -1.504947425313788472e+02 -7.692775884314006873e+01 -5.475714561053144536e+01 -1.561718701462388204e+01 1.520561211503106769e+01 -6.731973793590248079e+01 -7.639066427279002980e+00 -2.081999667287056610e+01 3.250028234726446641e+01 -9.894031659387010791e+01 7.504970993646645638e+01 -3.142401834416802586e+01
3.155454141934025714e+01 1.232664703999918885e+02 2.948644834696588646e+01 1.961006531446786028e+01 2.717468656812049232e+01 3.307458830355430734e+01 2.994968782516104611e+01 1.876006236356730739e+01 2.684191738427894336e+01 2.925929880632515179e+01 2.240464769519772403e+01 2.876130931176272298e+01 3.264918553137742663e+01 2.665344158367938476e+01 3.452788224080800461e+01 3.199504805338560232e+01 7.550690157288802773e+00 1.931059431252587189e+01 3.512966807529826951e+01 2.374566912439455280e+01 1.925963633587882740e+01 1.929861241749856759e+01 1.862242399786699210e+01 2.285777355575125114e+01 2.711931959541963622e+01 2.453826665832851361e+01 2.275789021052096217e+01 1.763418517800391072e+01 4.476659982666173221e+01 3.017709288451676741e+01 2.347017426475821011e+01 -7.839080017893985008e+00 5.925915855971829416e+01 -1.345275800855410253e+01 1.603259533355410227e+01 1.718965474924421954e+01 -7.328814182117669773e+00 -2.654022115002399040e-01 -4.335459060778897111e+01 1.620559917319192422e+01 2.670424935581995385e+01 1.776481151274755632e+01 -3.318581403637467986e+01 2.446478211151386617e+01 -1.972107905668472227e+01 6.092491461826787358e+00 -1.479399011508534727e+02 -6.132064108537851155e+01 -2.731061795968463457e+02 3.196376485508658050e+01 3.158674713272952062e+01 1.291476511626532542e+01 2.514805339348069424e+01 -8.208847183130586700e+01 2.652748451341371805e+01 -5.109550618626591501e+01 2.453563469706171318e+01 2.128117652206793409e+01 2.757514777335036271e+01 2.458378965775080260e+01 2.545501754782739567e+01 4.149469018883475968e+01 -1.710505415390377095e+02 -6.084020525043351668e+00 7.726182377439132054e+00 -6.120954201930722149e+00 2.382105966378308182e+01 -2.080247880944568450e+01 5.978028727647055618e+00 1.281098760282133853e+01 -1.742273944042985363e+02 -5.349911739648879205e+01 -2.298737707036344204e+02 2.075345686097149667e+01 2.959540916855385007e+01 2.938374361823283820e+01 6.355138150128062335e+01 1.551302060439857833e+01 1.564874855693197908e+01 2.511858356637553058e+01 4.187403530417846964e-01 1.705308252117568486e+02 1.048802404415981648e+01 2.807064550258204605e+01 4.260863614713255743e+01 1.769138072285467489e+00 8.133907015491159243e+00 -9.420846617442148130e+00 2.226352732822022418e+01 -2.656441393857710764e+01 8.486399588106381842e+00 6.345146993108278011e+00 3.306038766626526382e+01 9.927971742714952086e+00 3.296625722915514256e+00 -3.803119437601280595e+01 4.147829123477123625e-01 1.670728115133423586e+01 -5.663564848139206731e+01 9.397152929271134880e+00 -4.548408977886234084e+01 -1.602173090999517768e+01 2.416126443821153913e+01 -2.953062413571854172e+00 -7.842070149167988724e+00 -1.016248163690297979e+01 -7.573903992325297452e+01 -1.953720311477830052e+01 -1.173054973179715610e+01 -1.606074846868157522e+02 -6.092110936763136664e+01 -7.095228024025124114e+01 -1.112098439298425667e+01 -5.628728773985791634e+00 -8.593083063716613879e+01 -3.105659276135877178e+01 -6.167349971979823664e+01 5.431018592071618079e-01 -1.155356054530615921e+02 3.185631441606538772e+01 -2.684952536114185051e+01
2.701485057403015944e+01 2.948644834696588646e+01 1.437141476500974306e+02 2.372450422762184274e+01 2.786611176093986941e+01 3.241014506384208005e+01 3.597801680878642827e+01 2.258499167927605455e+01 2.912861356604217278e+01 2.171591232518806436e+01 2.203675212222524493e+01 2.370673384608820200e+01 3.407574198807736110e+01 2.932975538942006111e+01 3.397834635302643846e+01 2.684534949640053725e+01 9.027841573661211427e+00 2.008614049153769798e+01 2.779644381915247919e+01 1.920972397742926319e+01 1.646998983641210756e+01 1.464751307877566866e+01 1.708981854656722277e+01 1.783125717248467978e+01 2.592174555737089037e+01 1.902068681961769769e+01 2.452490351674998337e+01 1.669071616910778744e+01 4.552254240704615285e+01 3.363080343085169943e+01 2.240858644603321537e+01 -3.436915219764598989e-02 5.884355969023271626e+01 1.886166774008608479e-02 2.196268307254092278e+01 1.542371106638960931e+01 -2.188586444223083660e+01 -3.760725517125780293e+00 -2.006305441934754441e+01 2.524101230435422494e+01 2.528889276584107648e+01 1.875508086093022797e+01 -2.680754072756049666e+01 2.198149406945181639e+01 -2.424726042168451556e+01 -1.030876343838808884e+00 -1.368564043279098428e+02 -6.230301011432984382e+01 -2.066667546584138222e+02 -4.088007891238286007e+00 2.256130961742321972e+01 2.556547455668978941e+01 2.877900372973586585e+00 -7.512750756715622913e+01 2.518163661241499085e+01 -4.586824448764004636e+00 2.434441928835852309e+01 2.487311255487599482e+01 3.271187385026684780e+01 1.983504682673448727e+01 2.107369942861435064e+01 3.134396787582321053e+01 -1.607474181422428785e+02 -3.298325931418508716e+00 5.430787561921713191e+00 -2.235181218441047779e+00 2.006819694024892442e+01 2.022828726203257332e+01 9.844342952978132999e+00 1.470046992467769620e+01 -1.589412308554157107e+02 -6.376775563835999350e+01 -2.240597048943157006e+02 2.087588866420212597e+01 3.775288222680190842e+01 2.943766001541044730e+01 5.870243771468758354e+01 1.753770147693239778e+01 1.761320709580820321e+01 2.997430401728007610e+01 2.637445206941232634e+00 1.619171477120055727e+02 1.921262630724589826e+01 3.410483579050922742e+01 4.268074589229431837e+01 7.453495726502682217e+00 1.206290408082386278e+01 -3.500862323478735494e+00 2.722078070342305267e+01 -2.276704781454871807e+01 8.348764333413004834e+00 8.205485282150670301e+00 4.369585996966323194e+01 1.962118098971619773e+01 5.257165916417028129e-01 -2.898180777462775737e+01 -4.401161964844526153e+00 1.207270906297246782e+01 -6.813296177337190329e+01 -4.230455319866507580e+00 -1.777100903194712700e+01 -8.765479776673764434e+00 1.942317195895886783e+01 5.963431517386509340e-01 -1.669891919958408577e+00 -1.358538846613958917e+01 -3.921474842451696929e+01 -7.815216450279887539e+00 -1.699307591773965598e+01 -1.729442416308558563e+02 -1.244478259183907376e+01 -8.600404938945028732e+01 -6.904196330971424267e+00 -1.128130987815382191e+01 -7.600845396860589176e+01 -3.324392513454224485e+01 -1.107416448816501031e+02 4.485360694456935055e-02 -1.034671547557271225e+02 -5.595920656989254560e+00 -1.483594732628420765e+01
2.050196169691790260e+01 1.961006531446786028e+01 2.372450422762184274e+01 1.176230217648723482e+02 2.014068753212460194e+01 2.212785221130465985e+01 2.265015312789014956e+01 1.681671222150300338e+01 1.929731333209540978e+01 1.458845342721332727e+01 1.582151731869819500e+01 1.609013374026070764e+01 2.485592464475720931e+01 2.147331913420292082e+01 2.340390591597137515e+01 1.752062031068714276e+01 7.259596676012331606e+00 1.442747142540883054e+01 2.070663227641826509e+01 1.644017356692367571e+01 1.332606986957030415e+01 1.249525520177117421e+01 1.372517445158793059e+01 1.505955089513647671e+01 2.029298939996044027e+01 1.430250391613305005e+01 1.780421218206472034e+01 1.325511432986318283e+01 2.930825434776938465e+01 2.315432892739172743e+01 2.152258227177479455e+01 8.796761045403592050e+00 3.878797780187885991e+01 6.883307726367342561e+00 1.483869556929067457e+01 1.195934164621025175e+01 -4.338853980699196811e+00 4.905473982171485225e+00 -1.534562618867286066e+00 2.085416223164862970e+01 1.925904990021291141e+01 1.760681755686666961e+01 -1.042638351319895840e+01 2.124449229648135429e+01 -5.988153760537525017e+00 7.433655710301017017e+00 -7.369182363615655618e+01 -2.480172945686398123e+01 -1.097824458538720194e+02 3.702114403019494127e+00 2.177350031716591161e+01 1.978742954131847753e+01 5.209457398313297460e+01 -3.405448358284518662e+01 2.206873871231723427e+01 1.320268772106582844e+01 1.890990595154518772e+01 2.024452096408189661e+01 3.314792903885255271e+01 1.529940874958764674e+01 1.562517937081054065e+01 2.416065647731141297e+01 -7.139182663493006942e+01 3.451090214978454807e+00 8.122101033510491064e+00 3.285135047849313761e+00 1.588354417462841361e+01 1.945270524892448094e+01 1.223086796229743456e+01 1.167925912199286742e+01 -7.786012611070441380e+01 -2.551885819070563599e+01 -1.090715334267687808e+02 1.503538960310483574e+01 2.637742359469439535e+01 2.036666764316229106e+01 3.845922602703993221e+01 1.465252028015946451e+01 1.403132318174135484e+01 2.247046993615921551e+01 5.962006220760632580e+00 1.272196323127030269e+02 1.440862250801047750e+01 2.481914617055317507e+01 2.804986796133271199e+01 7.581324706989736484e+00 1.026277749795233696e+01 4.378459836271160199e+00 2.140976896596867007e+01 -1.762373872452255963e+00 1.077176052397338424e+01 1.226696879936430307e+01 3.460374539128830662e+01 1.640857190252267017e+01 6.637275892890744267e+00 -5.533412308294061610e+00 3.518912969641739608e+00 1.598578338740488647e+01 -2.749388387042098714e+01 1.166842263754162801e+01 -2.734062263352387667e+00 2.014378500992006771e+00 2.885042917512086191e+01 7.259024540278431026e+00 5.103284894820748541e+00 -1.759339481906117442e+00 -1.464665987481381215e+01 -3.990636468355861499e-01 -2.794036672948938538e+00 -1.048007067589186079e+02 -1.924119674733784646e-01 -5.067012017497256693e+01 1.713781947415532247e+00 1.423190107901301005e+01 -3.506141180207156083e+01 -1.138906128459797529e+01 -6.185920030540627579e+01 1.277962928394030762e+01 -5.103799324452356956e+01 3.246401751771324484e+01 -6.019390978208198462e+00
2.823274713162129856e+01 2.717468656812049232e+01 2.786611176093986941e+01 2.014068753212460194e+01 1.587702066058023433e+02 3.023248872511512886e+01 2.828681481978295054e+01 1.877439358782299550e+01 2.699241485507589289e+01 2.155013668449188557e+01 2.223244047410890900e+01 2.325442920929301138e+01 3.189190873946134630e+01 2.779827551381887574e+01 3.206237046000347846e+01 2.481494905084874603e+01 7.149387195589540056e+00 2.020954466503215130e+01 3.093479810129561614e+01 2.312756121875416682e+01 1.963459297431008821e+01 1.792531673692848670e+01 1.826827706724589717e+01 2.136112804355060746e+01 2.749500487472764831e+01 2.320833258352821105e+01 2.442819093864991586e+01 1.835486924149910948e+01 3.772951573690577476e+01 3.078141453547157269e+01 2.839043488751144650e+01 5.080040389708988080e+00 5.731267737920450855e+01 5.571589352211515633e-01 1.501582653945948920e+01 1.813923968675089426e+01 -3.373542152420855089e+00 5.118009529356640108e+00 -1.699098881418559159e+01 2.464291764622277725e+01 2.719670868836502464e+01 1.840420594667925513e+01 -2.350422917650249133e+01 2.671740735496464936e+01 -3.776651935511175839e+00 1.785681437681102679e+01 -1.010124818219720453e+02 -2.646046073651496755e+01 -1.871687323425438194e+02 2.444813244576717537e+01 2.636063903101806005e+01 1.934426746408099262e+01 4.695618418484149004e+01 -4.712913005872548666e+01 2.592844772134068521e+01 -1.209105830199074383e+01 2.487445032272749046e+01 2.560855818649128324e+01 3.090298708697042684e+01 2.181082117016786626e+01 2.260276338883998903e+01 3.680963803291748349e+01 -1.024019591189198906e+02 -8.896812793829221577e-02 8.429489038071448448e+00 8.700386598704504815e-01 2.214803317719643871e+01 8.387994842586337541e+00 1.169466085521614573e+01 1.430168693817248204e+01 -1.167513488792169483e+02 -3.540952615130650116e+01 -1.494401963901388797e+02 1.902660763288285750e+01 3.300625763514035071e+01 2.713730067592679163e+01 5.383261022153872943e+01 1.897247728991235149e+01 1.837078081387522843e+01 2.807666777194503283e+01 5.679512098374939200e+00 1.402275752938247706e+02 1.511252879785484105e+01 3.108115143640984357e+01 3.834756519996113155e+01 6.491490008238276488e+00 1.138250415554612083e+01 9.260786224465560323e-01 2.568865955949623725e+01 -1.033644077985385401e+01 1.221613283332751010e+01 1.493442636936794976e+01 3.621436630808097590e+01 1.801327769979758386e+01 9.947372015374861931e+00 -1.741457131684394000e+01 8.445503854129198018e+00 1.800518914331123455e+01 -3.864186376975271742e+01 1.253285271925560096e+01 -1.148851365335207753e+01 -2.214230501779002047e+00 3.163593757616818891e+01 3.298839224951926496e+00 1.832495716640349270e+00 -6.052289909380879962e+00 -4.449668802312164217e+01 -7.171608439901980603e+00 -2.904115595954559925e+00 -1.417684340620280068e+02 -3.383188933404925081e+01 -6.091037370399287454e+01 -5.580271396542966222e+00 1.179087854365374177e+01 -5.520445833099746125e+01 -1.072224593390338576e+01 -7.060168599823612112e+01 3.070153838740930041e+01 -7.605136836102990117e+01 4.045902826647247252e+01 -1.282755581780267384e+01
3.480743578336767996e+01 3.307458830355430734e+01 3.241014506384208005e+01 2.212785221130465985e+01 3.023248872511512886e+01 1.465474532743062355e+02 3.196623393058905194e+01 2.207232287694162309e+01 2.995749405202489157e+01 2.808108745096498637e+01 2.587043405261528761e+01 2.706947210840074192e+01 3.480926290993399874e+01 3.007008964756531810e+01 4.036238552697643200e+01 3.169877426410412369e+01 7.837333710894181849e+00 2.266547979732625606e+01 3.817847988147315164e+01 2.851259210134239908e+01 2.102702644470045001e+01 2.048041394048602371e+01 2.203249685435547889e+01 2.714597985713441020e+01 3.122814408552066467e+01 2.820633754116535741e+01 2.705030173369286928e+01 2.116507670597033197e+01 4.446216143202158833e+01 3.422311993274359310e+01 3.177500899065896789e+01 8.187406278970587037e-01 6.346500361285031744e+01 -4.206809589856512765e+00 1.622652317763370178e+01 1.962093353676253926e+01 -4.496088735502222100e+00 3.860629196117125073e+00 -3.150206813071800482e+01 2.357129536844012208e+01 3.087445924761826532e+01 1.714595828754276852e+01 -3.442415631871237736e+01 2.769942008486816931e+01 -1.604534032621713990e+01 1.033594327566835958e+01 -1.423935986949692847e+02 -4.910294540766670934e+01 -2.654156051422252176e+02 7.472742901379398894e+00 2.844762169227321280e+01 1.833641774506697431e+01 2.519127871811512165e+01 -7.573384595992382629e+01 3.128716021451577234e+01 -2.457188338205451927e+01 2.789784732767943254e+01 2.686351886542956890e+01 2.917730825247435433e+01 2.737738317648701525e+01 2.660070360455732086e+01 4.367171590709666162e+01 -1.535264274936415916e+02 -1.273967235352567950e+00 9.535438480346540402e+00 -1.834457529330041137e+00 2.702890771155260907e+01 -1.371200543814187434e+01 1.116094589397915904e+01 1.507933704146714149e+01 -1.674983984864713591e+02 -4.738894810404167401e+01 -2.227943869989026950e+02 2.182279356044058005e+01 3.360337081056903941e+01 3.102762499243954508e+01 6.379373359560014478e+01 2.005125544801337512e+01 2.045996962512551320e+01 3.059900282942118821e+01 3.082600209829734705e+00 1.591587772804022336e+02 1.391280407572438804e+01 3.335387606955406170e+01 4.259032220335551244e+01 5.196649282809228332e+00 1.189320718823503853e+01 -4.263533321790854203e+00 2.668387000222223193e+01 -2.198049711897431635e+01 1.299341638097326346e+01 1.011480582110445248e+01 3.755116127774335411e+01 1.899710274876535721e+01 1.022661741015309644e+01 -3.184844108971945076e+01 6.497122122998247207e+00 2.042790843979611992e+01 -5.700229566762933331e+01 1.238335531164153736e+01 -3.912115220617398137e+01 -1.560474121306004136e+01 2.394856289281772632e+01 2.298634175547957792e-01 -4.691185113796912276e+00 -5.578184321447247740e+00 -7.707764082731345923e+01 -1.526423513212050587e+01 -2.089149204995146292e+01 -1.779086943555853111e+02 -6.335909108336821305e+01 -8.331178352528935704e+01 -2.316836033306996256e+01 -9.059006285480407428e+00 -7.988831702672796098e+01 -1.883223262816796861e+01 -8.717385924825893539e+01 1.013881285593185311e+01 -1.094118131749836920e+02 2.693093770169847545e+01 -3.471059248821770638e+01
2.666946994757144296e+01 2.994968782516104611e+01 3.597801680878642827e+01 2.265015312789014956e+01 2.828681481978295054e+01 3.196623393058905194e+01 1.452138799143248775e+02 2.263514144373422710e+01 2.898649304327575393e+01 2.259411147056889035e+01 2.196846152084227910e+01 2.371023157992425467e+01 3.364931278181173013e+01 2.990861442563307193e+01 3.436527690970191173e+01 2.693858085467069330e+01 1.093301837062426252e+01 2.037955026107382039e+01 2.721159694016851205e+01 1.822433519998714146e+01 1.604837284142866594e+01 1.478564503620267701e+01 1.605737950950855009e+01 1.827102086736304898e+01 2.543824421889552667e+01 1.863611000176917898e+01 2.379544177079791112e+01 1.625911184128361242e+01 4.737051003084021517e+01 3.349786348142777115e+01 2.161229811096583830e+01 -2.417333966519312316e+00 5.975067465897813435e+01 -8.913290705548813087e-01 2.187129070793375263e+01 1.530269435475700135e+01 -2.248941120316282749e+01 -5.312341109116995419e+00 -2.179881130607961026e+01 2.413251666979051180e+01 2.526657284764012346e+01 1.913287256374207246e+01 -3.030262151786737235e+01 2.078290946874491851e+01 -2.790210396875044907e+01 -6.601391947323229203e+00 -1.403731092226797728e+02 -6.862213986387692444e+01 -2.138479345714301871e+02 -5.011016614391069268e+00 2.293097827591032001e+01 2.260408449534658004e+01 -5.001818673443953145e+00 -9.071857359373076690e+01 2.448335971869526517e+01 -2.073719392916276050e+01 2.529954197361344370e+01 2.376391794324510442e+01 3.061122693531677896e+01 1.960148595693394569e+01 2.074725957754360905e+01 3.215144598196361159e+01 -1.654249024984728464e+02 -3.819377768993093003e+00 5.798116290616286861e+00 -2.995296228486807877e+00 1.870535546280161299e+01 1.906900932986822994e+01 7.685989488808525394e+00 1.440024895937698268e+01 -1.671037662147409435e+02 -6.960614323927759983e+01 -2.324121531415857760e+02 2.142683152144959635e+01 3.734812301769078857e+01 2.990748318106327730e+01 6.057525367197843735e+01 1.777127620611785375e+01 1.755262264716224152e+01 3.025021032676127319e+01 1.645177001529176897e+00 1.581181560194289659e+02 1.931711376999243868e+01 3.367306330171187057e+01 4.214167624125055767e+01 6.769430756541790828e+00 1.210124509840455076e+01 -5.032763079277328799e+00 2.614841412879080451e+01 -2.505820288496133585e+01 7.601376290326569141e+00 6.773374857331414312e+00 4.429511368712383046e+01 1.858431784163168743e+01 -1.101001441168500072e+00 -3.271424726199187916e+01 -5.193377811068494054e+00 1.064161424589030425e+01 -7.156207279592982218e+01 -3.958963410405099914e+00 -1.668449172369827593e+01 -9.491489479550025976e+00 1.145431730110746926e+01 1.023491504734353352e+00 -3.012795373667787935e+00 -1.585500439383218740e+01 -4.359630018980953281e+01 -9.387397762215618613e+00 -2.400928095991588762e+01 -1.760443643555766187e+02 -1.192943834210804788e+01 -8.858132267540231908e+01 -6.196403206888567716e+00 -1.505526186438492786e+01 -7.693891207530120369e+01 -3.601785708546744047e+01 -1.194784976241277406e+02 -1.569534169567098791e+00 -1.054728048573014405e+02 -9.640304831390757556e+00 -1.139088148316981020e+01
1.950763712628449653e+01 1.876006236356730739e+01 2.258499167927605455e+01 1.681671222150300338e+01 1.877439358782299550e+01 2.207232287694162309e+01 2.263514144373422710e+01 1.167263111656278198e+02 1.935760200034940226e+01 1.431166457645170809e+01 1.515510498764555791e+01 1.449334984319747655e+01 2.417682402811029974e+01 2.176763987303613845e+01 2.378407739278323518e+01 1.785872662772832342e+01 7.123782906701493722e+00 1.430430688398570105e+01 1.985781161462758604e+01 1.592140974086337657e+01 1.246252393556970084e+01 1.251015704382481175e+01 1.407786578729539961e+01 1.489199696911454218e+01 1.999835652335249847e+01 1.431083433034713792e+01 1.774869608925686393e+01 1.324187408682989364e+01 2.863743215299368572e+01 2.343162720252947295e+01 2.114322781649990901e+01 7.678914299176430092e+00 3.870928970067753028e+01 6.781025096586753342e+00 1.460670363293458429e+01 1.234192244856830634e+01 -4.193183699756893645e+00 4.266488630645222102e+00 -2.127242810347957480e+00 2.044094065539996308e+01 1.847287617458649578e+01 1.602966914519330999e+01 -1.062649597597821582e+01 2.049277845877584525e+01 -1.776149601395796473e+00 8.802827208774896661e+00 -7.269391457275796142e+01 -2.279663603565640884e+01 -1.050608810735470797e+02 6.385306429392911376e+00 2.115210126390088874e+01 1.964755581978626964e+01 4.956017735794559798e+01 -3.093128797584343204e+01 2.218463537890555060e+01 1.050875899321408546e+01 1.897255397241794483e+01 2.002209146744303681e+01 3.287906749711125798e+01 1.508737056304309476e+01 1.564475865890314132e+01 2.374314034460763878e+01 -6.380664308722855793e+01 3.809612234149105436e+00 7.460454638092524071e+00 3.003399979328352121e+00 1.534742837923683467e+01 2.161022260581917820e+01 1.494002277366684339e+01 1.198749256420857634e+01 -8.409358421861389843e+01 -2.426190771389038403e+01 -1.066484979768825525e+02 1.476734561614357943e+01 2.745351894608005239e+01 2.008270424264751597e+01 3.721923647649693834e+01 1.456551686428174186e+01 1.438156433933273881e+01 2.276845238380192882e+01 6.381156785752128968e+00 1.221279352689310116e+02 1.518540290754668654e+01 2.473840724894482435e+01 2.768407466064844158e+01 7.544720391587083519e+00 1.035583140635979760e+01 3.729673703517627725e+00 2.119772671652133766e+01 -1.635078190366723305e+00 9.506635441363206596e+00 1.228035741966225736e+01 3.379563469325557890e+01 1.659938916601752368e+01 6.796978898687518367e+00 -6.419347978355593121e+00 4.012250068649358958e+00 1.538155775852412965e+01 -2.833489611442274736e+01 1.029793197642641367e+01 -1.135039848998343620e-01 4.063305129838758134e+00 2.628497690723258273e+01 6.420367872303289758e+00 6.931193565854153249e+00 -4.578313339258810455e-01 -1.202426706662559397e+01 6.432555193903940483e-01 -1.558650088567301362e+00 -9.998191052762187780e+01 -1.687850339812607237e+00 -4.741641300280293336e+01 8.413351735520465668e-01 1.336920267780505611e+01 -3.358836834506517732e+01 -1.125831526341848488e+01 -5.768803375788586862e+01 1.850161327345256623e+01 -4.873350924753143687e+01 3.477707923285189651e+01 -4.339982790638599042e+00
2.804997824478794044e+01 2.684191738427894336e+01 2.912861356604217278e+01 1.929731333209540978e+01 2.699241485507589289e+01 2.995749405202489157e+01 2.898649304327575393e+01 1.935760200034940226e+01 1.574014106088660583e+02 2.254361565729971772e+01 2.109801089218031223e+01 2.199302760600498630e+01 3.103196360276452737e+01 2.896569692579211974e+01 3.251536092065578742e+01 2.536098838397569821e+01 7.024696997895330419e+00 1.874853203057431017e+01 3.072874645097067514e+01 2.278025584074688936e+01 1.852071953643627467e+01 1.758120924959088782e+01 1.844774700062805906e+01 2.134524346549826745e+01 2.804800940656953046e+01 2.219290690393049914e+01 2.412517371116933163e+01 1.717550944951202041e+01 3.717898061886945982e+01 3.054241681859188162e+01 2.831382217000103196e+01 4.303068483569139069e+00 5.729837574622638385e+01 1.812926414408507325e+00 1.467386999756688226e+01 1.697568918778832980e+01 -2.768388005920980888e+00 5.496948045685702056e+00 -1.598828987757066500e+01 2.379604912859219112e+01 2.635715669724083199e+01 1.785053911957527362e+01 -2.112502453468525943e+01 2.658676464866881517e+01 -2.540948382932171512e+00 1.849860958293711732e+01 -9.704474203708223001e+01 -2.469492186446810678e+01 -1.854392055221071587e+02 2.459484400320135222e+01 2.796348668879591415e+01 2.009538761398028939e+01 4.848182319139041851e+01 -3.803825686869218714e+01 2.746529868127531770e+01 -1.114085495582131990e+01 2.550977747126234618e+01 2.756720202674791764e+01 3.273951258325510594e+01 2.089793521158857104e+01 2.160603505127494373e+01 3.572060446495770236e+01 -1.045176446530144858e+02 5.607709179622326623e-01 9.168018729592514404e+00 3.965673239244965065e-01 2.121230005629857018e+01 1.092290424444118280e+01 1.387306119018943740e+01 1.444718953626439450e+01 -1.154076039648853538e+02 -3.599145543450942597e+01 -1.564990269271609975e+02 1.988705889942817251e+01 3.235400829808692436e+01 2.747147934739054875e+01 5.429963957603661839e+01 1.872295980513970193e+01 1.856665195801732438e+01 2.851469875964640366e+01 5.461267295655141574e+00 1.483538959361675325e+02 1.536468104829513059e+01 3.007734702687140427e+01 3.955638044144568255e+01 6.774700272687846692e+00 1.135115499850643594e+01 7.164847715350627366e-01 2.563070981285077465e+01 -9.265694153412287193e+00 1.269306792637239667e+01 1.739869305412890910e+01 3.774987785136586638e+01 1.936754744306774612e+01 8.661184928009987516e+00 -1.787770216034748927e+01 8.095660189620090819e+00 1.872866706679901938e+01 -3.722938794357267511e+01 1.238860747509092874e+01 -1.592622470353919262e+01 -1.120019548921887598e+00 3.603813153082231224e+01 2.611739917117772869e+00 4.049415959401769349e+00 -4.645511359984441313e+00 -4.069060933671270419e+01 -7.409287265541623313e+00 3.783292407557104498e-01 -1.409447308650551918e+02 -2.924034386051103240e+01 -5.987235117620284086e+01 -9.676156545485783411e+00 1.029706183165230371e+01 -4.943832805639091532e+01 -1.036448727767007760e+01 -6.533091057859518003e+01 2.701637106883281447e+01 -7.205167639151791548e+01 4.209570106901940534e+01 -1.625170559794280578e+01
2.926671713416935106e+01 2.925929880632515179e+01 2.171591232518806436e+01 1.458845342721332727e+01 2.155013668449188557e+01 2.808108745096498637e+01 2.259411147056889035e+01 1.431166457645170809e+01 2.254361565729971772e+01 1.867998378847757976e+02 2.043925167876030002e+01 2.895045616747470518e+01 2.618177280989413802e+01 2.005592605490866021e+01 2.979680317420693569e+01 3.034704533470853605e+01 5.609501072192029092e+00 1.721859970730911371e+01 3.437595872396318697e+01 2.287633179590813981e+01 1.749126578493317297e+01 1.904109635153231750e+01 1.579081956657622499e+01 2.155012682057029849e+01 2.395632351041418673e+01 2.295719202034052486e+01 1.807588768688752623e+01 1.602707079268726176e+01 3.653330385265687141e+01 2.336128429406368667e+01 1.664220634873136362e+01 -1.246424540549215187e+01 5.205171122756983948e+01 -1.935197822430356140e+01 1.086931760580560713e+01 1.566126107994875660e+01 1.562170720791541179e+00 2.680242489538014361e+00 -5.221437018220579063e+01 6.997834850236693605e+00 2.337115862098375274e+01 1.510577543704025949e+01 -2.732958683892601570e+01 2.371476744255289759e+01 -1.639721979622268933e+01 1.534824251040990895e+01 -1.297919266924559736e+02 -4.846527072091906518e+01 -2.729556776862650054e+02 5.114490129368521565e+01 3.626568635302583488e+01 7.739028014996447880e+00 7.427750320279218954e+01 -8.081767275455398192e+01 2.636759883366866930e+01 -5.126187227915713862e+01 1.900197060760239154e+01 1.666401565747349167e+01 2.826528618622789679e+01 2.334598437025518436e+01 2.481163653087353893e+01 4.301658470191878081e+01 -1.637982811656509909e+02 -8.514182699113124642e+00 7.398808063271809843e+00 -8.202016175548203947e+00 2.471159049258889695e+01 -4.178101430298133323e+01 2.120666454813997515e+00 1.047822255063260144e+01 -1.569162639525775660e+02 -3.725691073488263072e+01 -2.086316825878097916e+02 1.803300488655223788e+01 2.095244942253521714e+01 2.664303936623457858e+01 6.161764897612854242e+01 1.168804622698881701e+01 1.222419313315602807e+01 1.801812507856876522e+01 -1.691862578088382030e+00 1.862359094472327286e+02 3.496831176707673183e+00 2.019004715266256866e+01 3.891561762738988506e+01 -1.504440642365193204e-01 4.744821372963755834e+00 -9.098122287149626786e+00 1.637282052575764624e+01 -2.348408219096436156e+01 8.963579000292302368e+00 6.696471408397724367e+00 2.717451820426981968e+01 2.032935139037272076e+00 2.778796536866549260e+00 -3.332986371460326325e+01 1.892675257463900751e+00 2.148990078596797915e+01 -4.790018870256785277e+01 2.082460365111154843e+01 -6.229451298450033647e+01 -1.294755325412331892e+01 3.468645900342820454e+01 -4.694747937676176264e+00 -9.591966503172269398e+00 -5.479647508450646853e+00 -8.415879058001615931e+01 -2.452583943473891281e+01 4.184345700928416178e+00 -1.220344573654552249e+02 -6.958568229171353892e+01 -5.290879143226570847e+01 -5.016272936073313815e+00 1.108102709525828899e+01 -8.405189503236115911e+01 -2.491493683567988171e+01 -1.960939722226296755e+00 -6.915780101521824541e+00 -1.131802842993206326e+02 7.070431340515985141e+01 -2.463643423756515816e+01
2.536610198903123603e+01 2.240464769519772403e+01 2.203675212222524493e+01 1.582151731869819500e+01 2.223244047410890900e+01 2.587043405261528761e+01 2.196846152084227910e+01 1.515510498764555791e+01 2.109801089218031223e+01 2.043925167876030002e+01 1.410721582386583748e+02 2.086134484979705306e+01 2.593287860891042129e+01 2.305163700335265275e+01 2.614279445064656926e+01 2.252052579883082828e+01 3.717583819564318048e+00 1.732363045285782022e+01 2.803116714444161062e+01 1.999929168069347796e+01 1.754571742509951449e+01 1.533523226253768534e+01 1.404817233478333804e+01 1.922331221605183416e+01 2.353742736832137084e+01 2.017183613247259188e+01 1.951667107496742659e+01 1.470701097366147359e+01 2.970334707351867110e+01 2.603016925533574266e+01 2.610937853831250877e+01 2.342776788543590172e+00 5.294706273906682270e+01 -4.431108543349788320e+00 1.238713712671262179e+01 1.769538709290246814e+01 -3.931870143074808199e-01 3.396663879743494263e+00 -2.228281286875159495e+01 1.629581251849749890e+01 2.329677276297207911e+01 1.513463743817160534e+01 -1.681262058259696701e+01 2.512547055865285017e+01 2.221382070235383033e+00 2.512095356640468680e+01 -8.821236262379605364e+01 -7.858196251413740008e+00 -1.730084881876629197e+02 4.421771723178214586e+01 2.725429359740222068e+01 1.544552611620531479e+01 6.783141823479496679e+01 -1.951069753218566305e+01 2.383291663677029604e+01 -1.387433644582133674e+01 2.137211701904134031e+01 2.172064356482226444e+01 2.896890300767593018e+01 1.838029976130058429e+01 1.911596935396198305e+01 3.391185640333281270e+01 -9.320112750438339333e+01 -1.701672510525634507e+00 7.312598622934742387e+00 -8.239618761559656113e-01 1.913101547368099631e+01 -3.738321285765282109e+00 1.237149750853585140e+01 1.154338177110771824e+01 -9.004723013473531523e+01 -2.846095982872542152e+01 -1.453687044769544343e+02 1.684627510489713131e+01 2.661068613247349646e+01 2.485937161737068024e+01 5.252373817260139788e+01 1.514977636200192634e+01 1.634316858831171260e+01 2.267646936818117354e+01 3.648772879746923881e+00 1.402696885604674719e+02 1.168961180227767471e+01 2.426263583397424384e+01 3.774713733304714225e+01 4.053920675778541316e+00 8.736266460368710796e+00 -1.247573197834827452e+00 2.226322217368070966e+01 -8.709374363535296482e+00 1.088526003163273614e+01 1.783719876704754270e+01 3.209890538004573557e+01 1.364293185239519168e+01 8.543598033749443488e+00 -1.360848982115263439e+01 7.608881227720178941e+00 1.753917945733265782e+01 -2.964373616411357659e+01 1.745535821576883961e+01 -2.336665871990089016e+01 -2.803490910308583106e-01 4.148233425791016060e+01 -1.640610901986069570e-01 5.707976528368887692e-01 -7.712955904592583289e-01 -4.416099894552151284e+01 -6.424488786934187345e+00 9.079486580004921592e+00 -1.104033331571799152e+02 -2.783446710656502887e+01 -4.716992209925363255e+01 -1.140211484916485718e+00 1.898814763196427080e+01 -4.803148548796838213e+01 -5.370728426808874190e+00 -1.864125045093307165e+01 3.400053388269526522e+01 -6.823278873797526956e+01 6.162609548112074975e+01 -9.151817286196791912e+00
2.953821214286305619e+01 2.876130931176272298e+01 2.370673384608820200e+01 1.609013374026070764e+01 2.325442920929301138e+01 2.706947210840074192e+01 2.371023157992425467e+01 1.449334984319747655e+01 2.199302760600498630e+01 2.895045616747470518e+01 2.086134484979705306e+01 1.848990145780694263e+02 2.765073687246490053e+01 2.128949970994729313e+01 3.034525549119923937e+01 3.066214909838423708e+01 7.255359293909600105e+00 1.691892213663232880e+01 3.394118101535129739e+01 2.252255739537567791e+01 1.840454716230602727e+01 1.995449964235211127e+01 1.654728821356968282e+01 2.184263005541999547e+01 2.409908586213741444e+01 2.374855996114368040e+01 1.893361169321736526e+01 1.618255626227333721e+01 3.903510126901981891e+01 2.387639025736378073e+01 1.953335236665258279e+01 -1.082224569520335677e+01 5.171695746785209735e+01 -1.822836091103138756e+01 1.201105286040081666e+01 1.531170228863064153e+01 1.332209042049278258e+00 3.596399166920902779e+00 -5.060979038306287237e+01 9.455770574879222679e+00 2.367602811867168455e+01 1.566808302728201951e+01 -2.804798282296512824e+01 2.460395321756004350e+01 -1.126237941915824159e+01 1.606626273618914880e+01 -1.315204811102958047e+02 -4.724579447117205433e+01 -2.652094449204006992e+02 5.304877102984561787e+01 3.761480763059182664e+01 9.347809338582942829e+00 9.140634045360755522e+01 -7.525926426021882776e+01 2.483918176103462017e+01 -4.716413826913730389e+01 2.005804664630105094e+01 1.839851435805690016e+01 3.193369814301365750e+01 2.402980701669997998e+01 2.435240567202182760e+01 4.370582105907627835e+01 -1.528221499750596877e+02 -7.930374093068905061e+00 9.133267865458268631e+00 -7.020155308870853261e+00 2.531940135501816869e+01 -4.077637784355626849e+01 6.708717550254118756e+00 1.037735432115415257e+01 -1.598870905043092989e+02 -3.661711233380651720e+01 -2.004925478460974375e+02 2.035159042617893022e+01 2.122362416230341609e+01 2.631353690052165817e+01 6.071461395315022713e+01 1.190129587437879621e+01 1.147591475734651389e+01 1.972172451628592427e+01 -7.622752859804251546e-01 1.955690875815845686e+02 5.067530792824546104e+00 2.054447169673921536e+01 3.972488363946785483e+01 8.535556715572280018e-01 6.046227268144733991e+00 -9.143845593352681433e+00 1.754666015216233887e+01 -2.233951321291792169e+01 9.840438730660311606e+00 6.489651707044483686e+00 2.950236922293055031e+01 2.129831148291687182e+00 3.942380747438721578e+00 -3.136856418029611859e+01 4.161721702922529076e+00 2.333176426644688206e+01 -4.490892242407029045e+01 2.395766087285464607e+01 -5.584650018078162503e+01 -1.009683800251548469e+01 3.890663331904371347e+01 -2.352840852326075982e+00 -8.453689393994235246e+00 -4.114641692798611139e+00 -8.044212959906558069e+01 -2.325229936508384299e+01 7.602778705497908796e+00 -1.207246581443808537e+02 -6.766874640536072150e+01 -5.191302882386765560e+01 -5.078330963846629409e+00 2.109492100469844900e+01 -8.204007507429818702e+01 -2.285946283701273529e+01 8.809839801893093458e-01 -1.417948918854379015e+00 -1.081408662537427716e+02 7.637794665567625430e+01 -2.048217344334663892e+01
3.297117169346891785e+01 3.264918553137742663e+01 3.407574198807736110e+01 2.485592464475720931e+01 3.189190873946134630e+01 3.480926290993399874e+01 3.364931278181173013e+01 2.417682402811029974e+01 3.103196360276452737e+01 2.618177280989413802e+01 2.593287860891042129e+01 2.765073687246490053e+01 1.679716776928004549e+02 3.578423783809525816e+01 3.708822218604520060e+01 3.001988769052342221e+01 1.136309796554223439e+01 2.318513429289735228e+01 3.609746890248714379e+01 2.745142987451406569e+01 2.228805062768903156e+01 2.216871074402524755e+01 2.162368447521922477e+01 2.616406148566282042e+01 3.453534771011090498e+01 2.725889481854364860e+01 3.045188762696329832e+01 2.165627828945644850e+01 4.783554825641749630e+01 3.990950038268366740e+01 3.577543373890620870e+01 8.334973365642103005e+00 7.394449178027282699e+01 4.197488111096491004e+00 2.092623035337836157e+01 2.208041270337453810e+01 -1.084937318715012866e+00 1.185963452785350469e+01 -1.351317901447076508e+01 3.545236415998864032e+01 3.394401292520536373e+01 2.547028152646492671e+01 -2.296691053762576118e+01 4.063020303182863557e+01 -3.077447284464427391e-01 3.592237499560523872e+01 -1.051043062831184471e+02 -1.543738214417421339e+01 -1.976216674775016031e+02 6.222480916381693561e+01 4.764736081294021375e+01 3.282497676244262408e+01 1.393482164230715910e+02 -2.578831643265373330e+01 3.923894758153429763e+01 1.061721863306839531e+01 3.074570968814247252e+01 3.703494400988169843e+01 6.443876219480500822e+01 2.609806338333685716e+01 2.704682449236070596e+01 4.505412537384232508e+01 -1.171305541749087382e+02 2.479292649396961590e+00 1.239263039976988701e+01 1.544764208300734243e+00 2.756811769910982335e+01 1.816314476024168556e+01 1.945295005999775029e+01 1.720075345518545262e+01 -1.234480488235465572e+02 -3.147582302573130875e+01 -1.627331159953857309e+02 2.388770865469960114e+01 4.433779452018404754e+01 3.365450446677751017e+01 6.877891116804198646e+01 2.206004698676800047e+01 2.116834987900962517e+01 3.353774174821587195e+01 9.903608359446456788e+00 2.552653291855480973e+02 2.428138200334396402e+01 3.798920381184851891e+01 4.905103786995142912e+01 9.717812815477399724e+00 1.598605238376083371e+01 4.445931588108639865e+00 3.409842564461791170e+01 3.236158956978720358e+00 1.998036745026681515e+01 2.638955407582998447e+01 6.014879523181262755e+01 2.477768312375949833e+01 1.370538302315469892e+01 -4.211243612464852681e+00 1.064897548738447242e+01 3.000545971649847843e+01 -3.642288541411161873e+01 2.683489651633045270e+01 -4.276079487885630748e+00 1.770363029227122098e+01 6.943591620591389812e+01 2.039766367443938133e+00 1.142617285562837814e+01 -1.381416973442974427e+00 -2.829581909621760261e+01 -1.484616833281009241e+00 3.106751660176100671e+01 -1.582109246249165153e+02 -2.555515990141654203e+00 -6.533925529371246910e+01 1.317656983348480715e+01 6.419454458709803646e+01 -5.997734543500616411e+01 -7.298779671293499582e+00 -3.789888870673993893e+01 4.888265468476777897e+01 -8.273598030332298947e+01 1.195771283622247978e+02 1.162801715294350657e+01
