9.754804986193397554e+01 3.162989014135940735e+01 3.527949733780550190e+01 4.093577503889039804e+01 2.894283749032483399e+01 3.452568561385960066e+01 2.117548349339825720e+01 2.947476595518234177e+01 1.071070686608174682e+01 2.992688384048432582e+01 3.094475009246830055e+01 3.821073281859933957e+01 1.764160780507702242e+01 1.581061410520952926e+01 3.144685176563579532e+01 -3.378646075374430069e+01 2.005168690417056698e+00 -4.039557785913853394e+01 1.338320770680109604e+02 4.238519727868447262e+01 -6.103519204886431027e+01 -2.167037760680607619e+02 3.605251391488871526e+00 4.084974987050523865e+00 5.584008321927671048e+00 -1.285798513736827147e+02 -1.612907817154752266e+01 4.067425252513054090e+01 2.667763958861840834e+01 4.669742245162397332e+00 -3.553866473527955350e+01 2.699561134156002140e+01 1.419821127427214691e+01 7.113309706350030126e+00 4.810401935544621033e+00 -8.713816702386031920e+01 -5.620977761831274222e+01 -4.905125676006139912e+01 3.839412021994216495e+00 2.101713915672944921e+01 -5.687952613846697858e+01 -2.001136288433343680e+01 -1.121367711525873574e+02
3.162989014135940735e+01 1.135998214694104860e+02 2.910244286153130844e+01 3.419342268048315248e+01 2.758943381370442083e+01 3.299742918786444790e+01 1.806354785274660202e+01 2.638841549097237404e+01 7.389524960941134424e+00 2.363251643300722904e+01 2.178495602209692805e+01 2.921879032872150717e+01 1.734842933246331143e+01 9.284855019387125097e+00 2.567555075114763241e+01 -2.303478135557035955e+01 -1.211996055522618398e+01 -3.203664266038253317e+01 1.232115452031639506e+02 3.169972578764944160e+01 -5.167607301523486996e+01 -1.631503836679710560e+02 5.701994034166929737e+00 3.897769508265394478e+00 4.982364557264550520e+00 -1.087213715284602102e+02 -9.459983246014344260e+00 3.743530178177949352e+01 2.576819023699576405e+01 4.837705366690576270e+00 -3.891045410882957611e+01 2.954220945531737996e+01 1.510519671223906712e+01 2.990312511709245058e+00 1.365409911104893625e+00 -7.077646924231056857e+01 -3.950997815984478478e+01 -2.830713591157653042e+01 5.028290610768097579e+00 8.417154123825870471e+00 -4.810247006370337175e+01 -1.670890272802353849e+01 -9.764329998044541981e+01
3.527949733780550190e+01 2.910244286153130844e+01 1.205146358088512955e+02 3.652756067161813291e+01 2.651999099496762113e+01 3.219880405624718378e+01 1.937621739568277945e+01 2.716870019040751316e+01 8.280560153907055465e+00 2.628984348986544006e+01 2.815267853419844002e+01 3.456327909629521855e+01 1.515500336271777648e+01 1.285107526532440936e+01 2.805591609232725503e+01 -3.410534289875862868e+01 -1.164816030786485257e+01 -4.491991518170153341e+01 1.202413704880691085e+02 3.858779388284580136e+01 -6.463958776062332845e+01 -2.083425043097351193e+02 2.440844894840534518e-01 2.905870269108492998e+00 4.567404229466528243e+00 -1.263423255288365397e+02 -1.607682151483920663e+01 3.727332925730042490e+01 2.514608089119342438e+01 3.582224936829431883e+00 -3.854227846227210819e+01 2.490914834988896231e+01 7.519307494167044581e+00 5.620998365717715828e+00 2.978010730965379160e+00 -8.956536069306289960e+01 -5.810119583972736024e+01 -4.794460009415715263e+01 3.725719043094239957e+00 5.001353004458457541e+00 -5.549360364507049326e+01 -2.844092012943531600e+01 -1.095277330408849110e+02
4.093577503889039804e+01 3.419342268048315248e+01 3.652756067161813291e+01 1.859798770749510197e+02 3.057657029526557579e+01 4.098159541355967406e+01 2.131757527849230271e+01 3.041052765716969830e+01 1.047196815875304665e+01 3.279722504173722797e+01 3.021095045116914335e+01 3.770886668362128802e+01 1.821402378690076773e+01 1.431128465104492875e+01 3.082104209829229546e+01 -4.284771061324035202e+01 1.485300918251592606e+00 -5.717630309489523199e+01 1.883852553692417473e+02 4.850957309887701996e+01 -8.040467669059151490e+01 -2.515335190202112017e+02 1.206690646931360256e+01 2.936462966495063220e+00 2.698011970629731859e+00 -1.529820796062180648e+02 -2.446868692296299841e+01 4.389208041497751367e+01 2.734755073812612025e+01 2.758628074725356871e+00 -4.176026890637184152e+01 3.045495969944047587e+01 2.469746428787586012e+01 8.014007751052236728e+00 -2.410139929007203488e-02 -9.039745414620691122e+01 -6.641686479795225750e+01 -5.113414485940879928e+01 -5.779296532033155742e-01 3.656354305606184596e+01 -7.411687768912142360e+01 -2.067549751490595256e+01 -1.329716645808935596e+02
2.894283749032483399e+01 2.758943381370442083e+01 2.651999099496762113e+01 3.057657029526557579e+01 7.845247330659786655e+01 3.249366180812803861e+01 1.691689953788154810e+01 2.605546484550681186e+01 7.653341611411611289e+00 2.118678240825128256e+01 2.035699513701452901e+01 2.754293469483357271e+01 1.728184551084783394e+01 1.019122136964154457e+01 2.414481249266587781e+01 -1.692052555183053286e+01 4.792623162394218816e+00 -2.079648646942355583e+01 1.324706398707002961e+02 2.948738922052453049e+01 -3.541219168269407902e+01 -1.336645979160792024e+02 1.762878153330828823e+01 5.438323716507661665e+00 7.151330728729044850e+00 -8.905273983378936009e+01 -3.619591825890487780e+00 3.639962815584982536e+01 2.472493414637498432e+01 5.994938676347055129e+00 -2.901847022456292535e+01 3.125674370600969709e+01 2.469685287496642090e+01 6.491708257620917522e+00 2.138212279916426706e+00 -5.731145123029897093e+01 -2.975179401312893646e+01 -1.738232967895088166e+01 7.117540443457005317e+00 1.856092948106761753e+01 -3.915280782435689844e+01 -5.024009457536887879e+00 -8.005573822087305302e+01
3.452568561385960066e+01 3.299742918786444790e+01 3.219880405624718378e+01 4.098159541355967406e+01 3.249366180812803861e+01 1.604385393861838622e+02 2.155159797146469813e+01 3.605406233001003358e+01 1.249095531702352702e+01 2.694970124198897921e+01 2.605764379704574196e+01 3.375282559256937986e+01 2.088960594670652426e+01 1.464635170824104371e+01 3.518379499990034276e+01 -1.508207591774385570e+01 9.503378447730850098e+01 1.012902892026628443e+01 3.067412510524727054e+02 4.258901142670409712e+01 -3.630507186354321458e+00 -1.407932881937345826e+02 8.869634714820432464e+01 8.877637859551791522e+00 1.752631119648648550e+01 -9.271055622411908814e+01 7.910464185494637590e+00 4.782692709263315578e+01 3.310885685493632025e+01 1.030913126801373991e+01 -3.996387220672585450e+00 5.923200788463365996e+01 8.791153658593356113e+01 2.496156600854267538e+01 8.455902825568571757e+00 -4.097390482124722411e+01 -2.528270045128684984e+01 1.300914243901750567e+01 1.365000888266542667e+01 1.160020696670904243e+02 -4.216372301883311735e+01 2.618307436148201361e+01 -8.077048147541580647e+01
2.117548349339825720e+01 1.806354785274660202e+01 1.937621739568277945e+01 2.131757527849230271e+01 1.691689953788154810e+01 2.155159797146469813e+01 7.600410293356519276e+01 1.882433322593342950e+01 9.007699701939866799e+00 1.750508244652368361e+01 1.700442024553533571e+01 2.196881544056748226e+01 1.254941982567858894e+01 1.078998699021851237e+01 1.865648613011630985e+01 -7.177495513798125337e+00 1.828903231101390503e+01 -8.386648901639086162e+00 9.349585613476750723e+01 2.231093455823022609e+01 -1.457219027301998970e+01 -8.500786236336668367e+01 1.796522969503859457e+01 6.063433714044288436e+00 1.106390694512796991e+01 -4.999063431163248339e+01 -1.936134342463984373e-02 2.225008666865167584e+01 1.568045672720849737e+01 6.618177906620303474e+00 -5.021436157040891857e+00 1.944892884506744579e+01 1.841318442070065231e+01 9.705352134802881281e+00 6.558044280357846922e+00 -3.883031898534690640e+01 -1.794171956728294148e+01 -1.005189190512608910e+01 6.583206029952758165e+00 2.342151996220301413e+01 -2.092616441610487144e+01 -1.595022415140514571e+00 -4.540487630726573087e+01
2.947476595518234177e+01 2.638841549097237404e+01 2.716870019040751316e+01 3.041052765716969830e+01 2.605546484550681186e+01 3.605406233001003358e+01 1.882433322593342950e+01 1.208087472008566579e+02 1.267043031375828832e+01 2.393528902023550842e+01 2.438901588855586766e+01 3.165811929185929330e+01 1.834876268173231750e+01 1.794719626910637800e+01 3.190853709277908123e+01 -5.128098043804517836e+00 9.496827263253999263e+01 1.984739332857755301e+01 2.050854718403572576e+02 3.425341916448688551e+01 1.720227683469952140e+01 -9.059584606009426011e+01 6.690379196928083161e+01 1.039268162441049803e+01 1.841938956983688769e+01 -5.795521935576829975e+01 1.118154861450313042e+01 3.894158834362202271e+01 2.686778787831342186e+01 1.195233697955673513e+01 7.808865962962095786e+00 4.484779328932247466e+01 6.426338138685746060e+01 2.242417115314473008e+01 1.255976488582582462e+01 -2.590345827479643148e+01 -1.897069051538503714e+01 7.752336448487066711e+00 1.192031590709566302e+01 8.737419743223651381e+01 -1.909049665369917648e+01 2.625110642805427119e+01 -4.691255189747457877e+01
1.071070686608174682e+01 7.389524960941134424e+00 8.280560153907055465e+00 1.047196815875304665e+01 7.653341611411611289e+00 1.249095531702352702e+01 9.007699701939866799e+00 1.267043031375828832e+01 6.132858862201784689e+01 1.380745676270262301e+01 1.115071821793513429e+01 1.463001075107919569e+01 9.521199826786070020e+00 1.414975241220904323e+01 1.443961367788762118e+01 1.800084819860929386e+01 8.021572551767542336e+01 2.847940550792555214e+01 7.233930822296728991e+01 1.287964922637953968e+01 4.366109132194022635e+01 2.303152205634973981e+01 4.223155058344804047e+01 1.146831692614582998e+01 2.126785874727490011e+01 2.291130802041779901e+01 1.669048050820723361e+01 8.686922456306563234e+00 7.621795973208780772e+00 1.160892035504147124e+01 4.278185366166660941e+01 1.424483864236188602e+01 3.418487887463774655e+01 2.052331076105644314e+01 1.389327360563260072e+01 2.084388930507929061e+01 1.741029859025492144e+01 2.174983407071017183e+01 6.959191714324672873e+00 6.445156256695227626e+01 1.609465448247523511e+01 2.849688730787253377e+01 2.504350692783862087e+01
2.992688384048432582e+01 2.363251643300722904e+01 2.628984348986544006e+01 3.279722504173722797e+01 2.118678240825128256e+01 2.694970124198897921e+01 1.750508244652368361e+01 2.393528902023550842e+01 1.380745676270262301e+01 1.046068231819516683e+02 2.510718274103808412e+01 3.100459304835004204e+01 1.582495054696980397e+01 1.829387496318980055e+01 2.726465764332591135e+01 -1.205322803917720442e+01 4.510960039218661422e+01 -1.129134731624278309e+01 1.199621973172233567e+02 3.492762399734778711e+01 -1.717249950886609255e+01 -1.265262177203246949e+02 2.160878516026247453e+01 8.609846358814831291e+00 1.457594011103195264e+01 -6.713244789105495158e+01 -3.025174068141216033e+00 2.942532014526731032e+01 1.964828654623675419e+01 8.596483766567944329e+00 3.196012382575667221e+00 2.220795279028412494e+01 2.588496740912944460e+01 1.609141549842728125e+01 9.900077590616971790e+00 -4.125107284698459864e+01 -2.846591025429668775e+01 -2.211508980417385928e+01 4.069755968785320199e+00 5.498078421184286668e+01 -2.959850801964878642e+01 2.663154360414367261e+00 -5.698885789572992167e+01
3.094475009246830055e+01 2.178495602209692805e+01 2.815267853419844002e+01 3.021095045116914335e+01 2.035699513701452901e+01 2.605764379704574196e+01 1.700442024553533571e+01 2.438901588855586766e+01 1.115071821793513429e+01 2.510718274103808412e+01 1.320245857170303623e+02 3.384822248389262001e+01 1.202790837824106518e+01 1.765905228543030248e+01 2.946022746308600659e+01 -2.531946706736258434e+01 5.170787398019478331e+01 -1.417397848451027187e+01 1.213378778991814926e+02 3.754569590736951312e+01 -2.828694664361165678e+01 -1.688682228162564627e+02 2.324887339914369733e+01 4.882074593270948171e+00 7.772573514410481721e+00 -9.303556569595718884e+01 -8.448492797175113367e+00 3.168019203067616729e+01 2.069586642153738865e+01 5.321235739232339057e+00 -5.908198657419807098e+00 2.332909058843856087e+01 2.272928051360998936e+01 1.366133842098812323e+01 1.237089481853960748e+01 -6.333262111951272288e+01 -5.229789701661850643e+01 -3.840459936746271552e+01 4.110296505064130024e+00 4.311994265902504253e+01 -3.349139241880016726e+01 -8.656601605710660507e+00 -7.152650937609185178e+01
3.821073281859933957e+01 2.921879032872150717e+01 3.456327909629521855e+01 3.770886668362128802e+01 2.754293469483357271e+01 3.375282559256937986e+01 2.196881544056748226e+01 3.165811929185929330e+01 1.463001075107919569e+01 3.100459304835004204e+01 3.384822248389262001e+01 1.397482893101674506e+02 1.737018770025982306e+01 2.162486762352980563e+01 3.554428247227210846e+01 -2.356699673031186038e+01 5.230115847756098191e+01 -1.837539894216513403e+01 1.447538668045336294e+02 4.347533329779799516e+01 -2.396321106245941124e+01 -1.754314868421000142e+02 2.406124945220806310e+01 7.749674263461394652e+00 1.477748835999393684e+01 -9.595493841719701322e+01 -1.401096040158446687e+00 3.880208766482815719e+01 2.645605275898482134e+01 9.154463965217800592e+00 -9.558452190897632761e+00 2.950272623484991996e+01 2.932281645920952684e+01 1.713193674817096479e+01 1.270158748412310068e+01 -6.909896666763864914e+01 -4.565999580792876600e+01 -3.646099313921607177e+01 8.709061346475374776e+00 5.274369404879195855e+01 -3.533058257096893584e+01 -2.226375443740066906e+00 -8.320465372246866309e+01
1.764160780507702242e+01 1.734842933246331143e+01 1.515500336271777648e+01 1.821402378690076773e+01 1.728184551084783394e+01 2.088960594670652426e+01 1.254941982567858894e+01 1.834876268173231750e+01 9.521199826786070020e+00 1.582495054696980397e+01 1.202790837824106518e+01 1.737018770025982306e+01 1.433257365741719411e+02 1.007619048605190315e+01 1.588099858124445518e+01 8.482489008771279870e+00 2.340820334326257779e+01 1.367735666304292863e+01 8.037194188471387690e+01 1.593266736187235288e+01 5.934613847394857977e+00 -2.468179258598649994e+01 2.266849984995716838e+01 9.294110384812409364e+00 1.574451225982927305e+01 -1.673046504524395672e+01 8.271157599936733718e+00 2.125155257136657738e+01 1.642097451798401764e+01 1.004048766725544617e+01 7.045683603630882530e+00 2.229401108065571790e+01 2.501290887272483587e+01 1.147529810897686708e+01 6.363901871463755633e+00 -9.795406753402728484e+00 6.690439093608200771e+00 8.331436823976178019e+00 6.949232085500566924e+00 3.893169996606643934e+01 -7.469462649376662711e+00 1.005407777025204652e+01 -2.011853228249565717e+01
1.581061410520952926e+01 9.284855019387125097e+00 1.285107526532440936e+01 1.431128465104492875e+01 1.019122136964154457e+01 1.464635170824104371e+01 1.078998699021851237e+01 1.794719626910637800e+01 1.414975241220904323e+01 1.829387496318980055e+01 1.765905228543030248e+01 2.162486762352980563e+01 1.007619048605190315e+01 1.838299402648570435e+02 2.271471511343591132e+01 1.486721362122128909e+01 1.339913973345654483e+02 5.405813597795891212e+01 9.656628491710495155e+01 2.119904177127900979e+01 6.211626457696699077e+01 1.904289379860829001e+01 5.603846753663001579e+01 1.187806094488747988e+01 1.977637174637505524e+01 3.447296139604716814e+01 2.005058457391756122e+01 1.705444268364044547e+01 1.290011616773394287e+01 1.309245346867882986e+01 5.586746706388372985e+01 2.395551082389836495e+01 5.549219355579463553e+01 2.726814710830297273e+01 1.961201295941043909e+01 3.569490841247650792e+01 1.370487040099687270e+01 1.716511708313086260e+01 5.255728450903846216e+00 1.183361915824273609e+02 2.224650334394889128e+01 4.862668848943341260e+01 2.582597264059830167e+01
3.144685176563579532e+01 2.567555075114763241e+01 2.805591609232725503e+01 3.082104209829229546e+01 2.414481249266587781e+01 3.518379499990034276e+01 1.865648613011630985e+01 3.190853709277908123e+01 1.443961367788762118e+01 2.726465764332591135e+01 2.946022746308600659e+01 3.554428247227210846e+01 1.588099858124445518e+01 2.271471511343591132e+01 2.124643357665231349e+02 -3.729969976816064126e+00 1.280422902656962378e+02 3.124467220535888146e+01 1.940751928829778592e+02 3.898586455758255198e+01 3.170039513300750755e+01 -8.297060791151812964e+01 7.022578942186889606e+01 1.202753433818690354e+01 1.944927678393744230e+01 -3.862840287343327361e+01 1.637728415389648262e+01 3.864266670544172655e+01 2.672284820471115552e+01 1.263212571293797737e+01 2.357009873445049664e+01 4.295917312855559800e+01 6.951376229274602281e+01 2.598621608658271853e+01 1.755987455648394757e+01 -1.549265699773868654e+01 -1.762874863832848504e+01 5.092817434058399151e+00 1.169259019585292414e+01 1.166706675836714453e+02 -1.052796721058221507e+01 4.166809997030631507e+01 -3.527124734182980603e+01
-3.378646075374430069e+01 -2.303478135557035955e+01 -3.410534289875862868e+01 -4.284771061324035202e+01 -1.692052555183053286e+01 -1.508207591774385570e+01 -7.177495513798125337e+00 -5.128098043804517836e+00 1.800084819860929386e+01 -1.205322803917720442e+01 -2.531946706736258434e+01 -2.356699673031186038e+01 8.482489008771279870e+00 1.486721362122128909e+01 -3.729969976816064126e+00 3.663582498530325893e+02 2.389809299019545392e+02 2.462150891084982050e+02 -5.617424687914709835e+01 -4.551886734243819888e+01 2.942669913529056203e+02 5.900236822124655873e+02 1.252589626785598256e+02 3.646774860144147823e+01 6.024370211083791560e+01 3.682381590297197249e+02 1.027343095897687135e+02 -3.049853324611552452e+01 -1.295868841421780360e+01 3.619550783997020460e+01 1.974614916277575958e+02 1.497470449581450147e+01 9.697498938946714020e+01 4.467908103130659470e+01 3.528331387719391898e+01 2.680080275815408868e+02 1.948689129593688278e+02 1.852579442025184164e+02 2.541847761898538494e+01 1.869924369030449043e+02 1.805468076544540565e+02 1.680949148434291658e+02 3.059321160534906880e+02
2.005168690417056698e+00 -1.211996055522618398e+01 -1.164816030786485257e+01 1.485300918251592606e+00 4.792623162394218816e+00 9.503378447730850098e+01 1.828903231101390503e+01 9.496827263253999263e+01 8.021572551767542336e+01 4.510960039218661422e+01 5.170787398019478331e+01 5.230115847756098191e+01 2.340820334326257779e+01 1.339913973345654483e+02 1.280422902656962378e+02 2.389809299019545392e+02 2.846867804967193024e+03 7.779114437140085556e+02 1.360564206892463289e+03 7.711724059549226240e+01 9.706000154908233526e+02 9.006283042071985392e+02 9.112403183614748059e+02 9.813615537744387041e+01 1.730828334339539936e+02 6.228682909137751267e+02 2.989594741833437865e+02 6.019623303121153413e+01 4.086054588819435907e+01 1.013141943654954247e+02 6.598696916370098506e+02 2.689189455333520300e+02 7.651535665741218963e+02 2.717509357190594983e+02 1.520930943643088824e+02 6.683637181786574502e+02 3.047403446024792970e+02 5.195718934790904768e+02 7.474839810522844630e+01 1.296717811163494844e+03 3.828990264866349662e+02 6.492854941999516996e+02 6.365854296532941135e+02
-4.039557785913853394e+01 -3.203664266038253317e+01 -4.491991518170153341e+01 -5.717630309489523199e+01 -2.079648646942355583e+01 1.012902892026628443e+01 -8.386648901639086162e+00 1.984739332857755301e+01 2.847940550792555214e+01 -1.129134731624278309e+01 -1.417397848451027187e+01 -1.837539894216513403e+01 1.367735666304292863e+01 5.405813597795891212e+01 3.124467220535888146e+01 2.462150891084982050e+02 7.779114437140085556e+02 4.665611079829649498e+03 3.572499252898217037e+02 -2.869942665977038487e+01 6.295992450538287812e+02 9.175496597713329265e+02 4.344496826589627290e+02 6.064164559969782431e+01 9.446068373887470671e+01 6.627213794313854578e+02 2.155371402158089325e+02 -6.961239762268927933e+00 3.071526709964860213e+00 6.965410856046393917e+01 3.970218751332068337e+02 1.099618957102601371e+02 3.461261367924076353e+02 1.272457763848234435e+02 7.818225746330628567e+01 4.907894564602802348e+02 2.920721878080404394e+02 3.780657131911296460e+02 6.093012495822274843e+01 6.534032430937650133e+02 3.060935292270679611e+02 3.826710197443628658e+02 5.129183362394691130e+02
1.338320770680109604e+02 1.232115452031639506e+02 1.202413704880691085e+02 1.883852553692417473e+02 1.324706398707002961e+02 3.067412510524727054e+02 9.349585613476750723e+01 2.050854718403572576e+02 7.233930822296728991e+01 1.199621973172233567e+02 1.213378778991814926e+02 1.447538668045336294e+02 8.037194188471387690e+01 9.656628491710495155e+01 1.940751928829778592e+02 -5.617424687914709835e+01 1.360564206892463289e+03 3.572499252898217037e+02 3.931199026464119925e+03 2.524733745035970003e+02 3.700928638820736865e+02 -4.612875791177975771e+02 1.076859758677079299e+03 5.714878255497813342e+01 1.255174100817170029e+02 -3.045463573076413013e+02 1.187124501791026461e+02 2.410188561784738681e+02 1.592669405501078757e+02 6.784023249541577627e+01 2.873831002824708207e+02 4.483471989136003799e+02 9.075853461177600821e+02 2.633148006644909742e+02 7.889600198243283558e+01 8.097791540568050550e+01 -6.907825756708557208e+01 3.643742096865717031e+02 8.839876139340115913e+01 1.301095196524630637e+03 -1.023846457521438396e+02 4.216336251846157097e+02 -1.745354510649386555e+02
4.238519727868447262e+01 3.169972578764944160e+01 3.858779388284580136e+01 4.850957309887701996e+01 2.948738922052453049e+01 4.258901142670409712e+01 2.231093455823022609e+01 3.425341916448688551e+01 1.287964922637953968e+01 3.492762399734778711e+01 3.754569590736951312e+01 4.347533329779799516e+01 1.593266736187235288e+01 2.119904177127900979e+01 3.898586455758255198e+01 -4.551886734243819888e+01 7.711724059549226240e+01 -2.869942665977038487e+01 2.524733745035970003e+02 1.354844861138994361e+02 -5.193418098710699127e+01 -2.580005456126609147e+02 4.968854941202553732e+01 3.303941631836505799e+00 7.327004175041499145e+00 -1.475801514937727461e+02 -1.527107586159712405e+01 4.633359963556441130e+01 2.967929682271164538e+01 4.450479617212395489e+00 -1.828330644882692368e+01 4.008381635870192383e+01 5.017640822988292371e+01 2.056214718220772042e+01 9.060122395883366764e+00 -8.414329702330428518e+01 -7.072885999728700313e+01 -4.452387738298089914e+01 2.951332365984471462e+00 8.601534393524842415e+01 -6.605906036733991016e+01 -6.543175361453244854e+00 -1.216179545131501243e+02
-6.103519204886431027e+01 -5.167607301523486996e+01 -6.463958776062332845e+01 -8.040467669059151490e+01 -3.541219168269407902e+01 -3.630507186354321458e+00 -1.457219027301998970e+01 1.720227683469952140e+01 4.366109132194022635e+01 -1.717249950886609255e+01 -2.828694664361165678e+01 -2.396321106245941124e+01 5.934613847394857977e+00 6.211626457696699077e+01 3.170039513300750755e+01 2.942669913529056203e+02 9.706000154908233526e+02 6.295992450538287812e+02 3.700928638820736865e+02 -5.193418098710699127e+01 2.332059452203667661e+03 1.160125504805460196e+03 5.058853569038030287e+02 7.681674183563352187e+01 1.351391735962465077e+02 7.333953470398023455e+02 2.582226504570634802e+02 -3.554673878622939753e+01 -1.383400930414782515e+01 7.853770670843620394e+01 4.962540127559702228e+02 1.103470363314391562e+02 4.107353363850672281e+02 1.482643550416405276e+02 1.014317596278363993e+02 6.141822163978879416e+02 3.869545416518934076e+02 4.510235379161481433e+02 6.503813594942970155e+01 6.676557021266283982e+02 4.105190567196559641e+02 4.662867391503694421e+02 6.731697887383317038e+02
-2.167037760680607619e+02 -1.631503836679710560e+02 -2.083425043097351193e+02 -2.515335190202112017e+02 -1.336645979160792024e+02 -1.407932881937345826e+02 -8.500786236336668367e+01 -9.059584606009426011e+01 2.303152205634973981e+01 -1.265262177203246949e+02 -1.688682228162564627e+02 -1.754314868421000142e+02 -2.468179258598649994e+01 1.904289379860829001e+01 -8.297060791151812964e+01 5.900236822124655873e+02 9.006283042071985392e+02 9.175496597713329265e+02 -4.612875791177975771e+02 -2.580005456126609147e+02 1.160125504805460196e+03 4.206688242492667086e+03 4.265308426635716046e+02 1.022332655074043828e+02 1.769221055132936442e+02 1.609302875344755876e+03 4.002301629932138098e+02 -2.008374992599468669e+02 -1.067629013217587470e+02 1.019455023430336809e+02 7.426581558831147731e+02 2.184900305051944880e+00 3.400483242699421567e+02 1.382587899652298802e+02 9.874119749854926908e+01 1.143751618314940970e+03 8.450726239433682849e+02 7.613531062173918826e+02 6.987293779435410102e+01 6.878896639573359835e+02 7.671742333690123132e+02 6.600732219044331259e+02 1.324390348718813812e+03
3.605251391488871526e+00 5.701994034166929737e+00 2.440844894840534518e-01 1.206690646931360256e+01 1.762878153330828823e+01 8.869634714820432464e+01 1.796522969503859457e+01 6.690379196928083161e+01 4.223155058344804047e+01 2.160878516026247453e+01 2.324887339914369733e+01 2.406124945220806310e+01 2.266849984995716838e+01 5.603846753663001579e+01 7.022578942186889606e+01 1.252589626785598256e+02 9.112403183614748059e+02 4.344496826589627290e+02 1.076859758677079299e+03 4.968854941202553732e+01 5.058853569038030287e+02 4.265308426635716046e+02 1.062396121922785596e+03 5.348441535721736528e+01 1.013465819899755616e+02 2.687362438485955636e+02 1.592537885035825411e+02 5.169772734840994133e+01 3.970211211957779796e+01 5.822012673761467738e+01 3.467580084212165161e+02 1.939611308625439108e+02 4.909243669037258542e+02 1.591478120628758290e+02 7.379472853142205224e+01 3.290632436834332566e+02 1.421920530925510491e+02 3.379140076056337989e+02 5.977663568883623668e+01 7.582258679975383302e+02 1.712519909664177362e+02 3.507599501878778483e+02 2.897867848930471268e+02
4.084974987050523865e+00 3.897769508265394478e+00 2.905870269108492998e+00 2.936462966495063220e+00 5.438323716507661665e+00 8.877637859551791522e+00 6.063433714044288436e+00 1.039268162441049803e+01 1.146831692614582998e+01 8.609846358814831291e+00 4.882074593270948171e+00 7.749674263461394652e+00 9.294110384812409364e+00 1.187806094488747988e+01 1.202753433818690354e+01 3.646774860144147823e+01 9.813615537744387041e+01 6.064164559969782431e+01 5.714878255497813342e+01 3.303941631836505799e+00 7.681674183563352187e+01 1.022332655074043828e+02 5.348441535721736528e+01 8.175326334815073892e+01 2.272780764717391122e+01 6.423832968586209802e+01 2.723796734030313615e+01 5.741764988526357527e+00 6.580249712813606600e+00 1.425859607732349410e+01 5.597360002058076134e+01 1.782060808945686503e+01 4.630561225634827593e+01 2.069335786771197405e+01 1.446302222797029557e+01 5.340595877866040553e+01 3.539628485227095211e+01 4.361299998170262171e+01 1.044722617971869560e+01 7.271077285387171685e+01 3.640448512015020555e+01 4.817879172840234503e+01 6.101770198551288615e+01
5.584008321927671048e+00 4.982364557264550520e+00 4.567404229466528243e+00 2.698011970629731859e+00 7.151330728729044850e+00 1.752631119648648550e+01 1.106390694512796991e+01 1.841938956983688769e+01 2.126785874727490011e+01 1.457594011103195264e+01 7.772573514410481721e+00 1.477748835999393684e+01 1.574451225982927305e+01 1.977637174637505524e+01 1.944927678393744230e+01 6.024370211083791560e+01 1.730828334339539936e+02 9.446068373887470671e+01 1.255174100817170029e+02 7.327004175041499145e+00 1.351391735962465077e+02 1.769221055132936442e+02 1.013465819899755616e+02 2.272780764717391122e+01 2.047829091989138419e+02 1.155012071655186645e+02 5.260560236822296787e+01 5.560973159266552557e+00 8.565851699498480798e+00 2.552689506034783307e+01 1.058444681196297523e+02 2.915812997807391227e+01 8.352816129809531276e+01 4.145362374150000306e+01 2.670865323459985063e+01 8.786160079360512043e+01 7.664577971910919985e+01 8.622020242544489577e+01 1.824747449450433834e+01 1.530363271889855241e+02 6.629360137459693192e+01 8.337760844662697934e+01 1.011044243437343653e+02
-1.285798513736827147e+02 -1.087213715284602102e+02 -1.263423255288365397e+02 -1.529820796062180648e+02 -8.905273983378936009e+01 -9.271055622411908814e+01 -4.999063431163248339e+01 -5.795521935576829975e+01 2.291130802041779901e+01 -6.713244789105495158e+01 -9.303556569595718884e+01 -9.595493841719701322e+01 -1.673046504524395672e+01 3.447296139604716814e+01 -3.862840287343327361e+01 3.682381590297197249e+02 6.228682909137751267e+02 6.627213794313854578e+02 -3.045463573076413013e+02 -1.475801514937727461e+02 7.333953470398023455e+02 1.609302875344755876e+03 2.687362438485955636e+02 6.423832968586209802e+01 1.155012071655186645e+02 3.290596971705012947e+03 2.694928058629590168e+02 -1.276614085065007771e+02 -6.699481295664183733e+01 6.680101117383368603e+01 5.076551790690914459e+02 -1.066010569989872181e+01 2.193099667605654588e+02 1.035076128078303697e+02 7.183388876904483311e+01 7.377174191777355645e+02 5.688357375182932856e+02 4.623458371522661992e+02 3.767145978834825115e+01 5.758632637902533133e+02 4.989823376659437599e+02 4.521969193160784926e+02 8.587587807861041256e+02
-1.612907817154752266e+01 -9.459983246014344260e+00 -1.607682151483920663e+01 -2.446868692296299841e+01 -3.619591825890487780e+00 7.910464185494637590e+00 -1.936134342463984373e-02 1.118154861450313042e+01 1.669048050820723361e+01 -3.025174068141216033e+00 -8.448492797175113367e+00 -1.401096040158446687e+00 8.271157599936733718e+00 2.005058457391756122e+01 1.637728415389648262e+01 1.027343095897687135e+02 2.989594741833437865e+02 2.155371402158089325e+02 1.187124501791026461e+02 -1.527107586159712405e+01 2.582226504570634802e+02 4.002301629932138098e+02 1.592537885035825411e+02 2.723796734030313615e+01 5.260560236822296787e+01 2.694928058629590168e+02 6.372888116780300152e+02 -5.948303815075344225e+00 2.711939196670488883e+00 3.056825602061834601e+01 1.588848102942648381e+02 4.452317056191171218e+01 1.365760315299712317e+02 5.259461179288659594e+01 3.369053791533809772e+01 1.924740410699064341e+02 1.565702857914375272e+02 1.575967932420087152e+02 2.781458203958925068e+01 2.475739228069954834e+02 1.396023380512513370e+02 1.629881086687959737e+02 2.179282659519521701e+02
4.067425252513054090e+01 3.743530178177949352e+01 3.727332925730042490e+01 4.389208041497751367e+01 3.639962815584982536e+01 4.782692709263315578e+01 2.225008666865167584e+01 3.894158834362202271e+01 8.686922456306563234e+00 2.942532014526731032e+01 3.168019203067616729e+01 3.880208766482815719e+01 2.125155257136657738e+01 1.705444268364044547e+01 3.864266670544172655e+01 -3.049853324611552452e+01 6.019623303121153413e+01 -6.961239762268927933e+00 2.410188561784738681e+02 4.633359963556441130e+01 -3.554673878622939753e+01 -2.008374992599468669e+02 5.169772734840994133e+01 5.741764988526357527e+00 5.560973159266552557e+00 -1.276614085065007771e+02 -5.948303815075344225e+00 1.585336848211926792e+02 3.693824345455372082e+01 6.597114364453510404e+00 -3.236786462764499106e+01 5.398481845869905982e+01 6.072717878642546907e+01 1.502540882251887666e+01 4.910449844992254675e+00 -7.106225007517907954e+01 -5.089503900423192562e+01 -2.118007644175519033e+01 8.714970201913523340e+00 7.828349892436374091e+01 -5.375277702198231111e+01 7.570313055348980136e+00 -1.138528035392768629e+02
2.667763958861840834e+01 2.576819023699576405e+01 2.514608089119342438e+01 2.734755073812612025e+01 2.472493414637498432e+01 3.310885685493632025e+01 1.568045672720849737e+01 2.686778787831342186e+01 7.621795973208780772e+00 1.964828654623675419e+01 2.069586642153738865e+01 2.645605275898482134e+01 1.642097451798401764e+01 1.290011616773394287e+01 2.672284820471115552e+01 -1.295868841421780360e+01 4.086054588819435907e+01 3.071526709964860213e+00 1.592669405501078757e+02 2.967929682271164538e+01 -1.383400930414782515e+01 -1.067629013217587470e+02 3.970211211957779796e+01 6.580249712813606600e+00 8.565851699498480798e+00 -6.699481295664183733e+01 2.711939196670488883e+00 3.693824345455372082e+01 1.258663907113517837e+02 7.191175196618616816e+00 -1.418853762234503613e+01 3.809596413779233615e+01 4.302184514357573875e+01 1.259394869104632342e+01 5.982785083433111772e+00 -3.922384962100443317e+01 -2.229340915546053026e+01 -3.602165722104646139e+00 1.037987076558847832e+01 5.648113116327468219e+01 -2.741382906664051333e+01 1.248567479028783822e+01 -6.193243386317957544e+01
4.669742245162397332e+00 4.837705366690576270e+00 3.582224936829431883e+00 2.758628074725356871e+00 5.994938676347055129e+00 1.030913126801373991e+01 6.618177906620303474e+00 1.195233697955673513e+01 1.160892035504147124e+01 8.596483766567944329e+00 5.321235739232339057e+00 9.154463965217800592e+00 1.004048766725544617e+01 1.309245346867882986e+01 1.263212571293797737e+01 3.619550783997020460e+01 1.013141943654954247e+02 6.965410856046393917e+01 6.784023249541577627e+01 4.450479617212395489e+00 7.853770670843620394e+01 1.019455023430336809e+02 5.822012673761467738e+01 1.425859607732349410e+01 2.552689506034783307e+01 6.680101117383368603e+01 3.056825602061834601e+01 6.597114364453510404e+00 7.191175196618616816e+00 7.671341237003363744e+01 5.776666998316464685e+01 1.897372985725670347e+01 4.846268418412030599e+01 2.291623445291972416e+01 1.590979466663807607e+01 4.941633129522824674e+01 3.881927965558161731e+01 4.763536885919939579e+01 1.120719555949531454e+01 8.548134280002965113e+01 3.904871689530373402e+01 4.884797713505004424e+01 5.859406511410934115e+01
-3.553866473527955350e+01 -3.891045410882957611e+01 -3.854227846227210819e+01 -4.176026890637184152e+01 -2.901847022456292535e+01 -3.996387220672585450e+00 -5.021436157040891857e+00 7.808865962962095786e+00 4.278185366166660941e+01 3.196012382575667221e+00 -5.908198657419807098e+00 -9.558452190897632761e+00 7.045683603630882530e+00 5.586746706388372985e+01 2.357009873445049664e+01 1.974614916277575958e+02 6.598696916370098506e+02 3.970218751332068337e+02 2.873831002824708207e+02 -1.828330644882692368e+01 4.962540127559702228e+02 7.426581558831147731e+02 3.467580084212165161e+02 5.597360002058076134e+01 1.058444681196297523e+02 5.076551790690914459e+02 1.588848102942648381e+02 -3.236786462764499106e+01 -1.418853762234503613e+01 5.776666998316464685e+01 7.254671484322334436e+02 6.044985313140369954e+01 2.723865935177288975e+02 1.236953951007531742e+02 7.850732146976778836e+01 4.099755078127578827e+02 2.471010458765194642e+02 2.864657264629810811e+02 3.586612885845754306e+01 5.322124150476226987e+02 2.664530115159965362e+02 2.991377872677136338e+02 4.614724266210508858e+02
2.699561134156002140e+01 2.954220945531737996e+01 2.490914834988896231e+01 3.045495969944047587e+01 3.125674370600969709e+01 5.923200788463365996e+01 1.944892884506744579e+01 4.484779328932247466e+01 1.424483864236188602e+01 2.220795279028412494e+01 2.332909058843856087e+01 2.950272623484991996e+01 2.229401108065571790e+01 2.395551082389836495e+01 4.295917312855559800e+01 1.497470449581450147e+01 2.689189455333520300e+02 1.099618957102601371e+02 4.483471989136003799e+02 4.008381635870192383e+01 1.103470363314391562e+02 2.184900305051944880e+00 1.939611308625439108e+02 1.782060808945686503e+01 2.915812997807391227e+01 -1.066010569989872181e+01 4.452317056191171218e+01 5.398481845869905982e+01 3.809596413779233615e+01 1.897372985725670347e+01 6.044985313140369954e+01 3.012671810583096317e+02 1.756653706192564073e+02 4.746091166834967368e+01 1.977379400663855336e+01 4.719518760005605174e+01 1.812396976022915140e+01 8.631368020326971191e+01 2.393175859808262729e+01 2.494639199686889128e+02 1.016723420786354737e+01 1.032816203704192048e+02 -1.314339001395042006e+00
1.419821127427214691e+01 1.510519671223906712e+01 7.519307494167044581e+00 2.469746428787586012e+01 2.469685287496642090e+01 8.791153658593356113e+01 1.841318442070065231e+01 6.426338138685746060e+01 3.418487887463774655e+01 2.588496740912944460e+01 2.272928051360998936e+01 2.932281645920952684e+01 2.501290887272483587e+01 5.549219355579463553e+01 6.951376229274602281e+01 9.697498938946714020e+01 7.651535665741218963e+02 3.461261367924076353e+02 9.075853461177600821e+02 5.017640822988292371e+01 4.107353363850672281e+02 3.400483242699421567e+02 4.909243669037258542e+02 4.630561225634827593e+01 8.352816129809531276e+01 2.193099667605654588e+02 1.365760315299712317e+02 6.072717878642546907e+01 4.302184514357573875e+01 4.846268418412030599e+01 2.723865935177288975e+02 1.756653706192564073e+02 1.279133782008570506e+03 1.293124863336659587e+02 5.632656822790043805e+01 2.853226971025491707e+02 1.325844996132526887e+02 2.790352357089121824e+02 4.536799990406321825e+01 6.688391991391779356e+02 1.298639681238090873e+02 3.187026912789905850e+02 2.126427108856151449e+02
7.113309706350030126e+00 2.990312511709245058e+00 5.620998365717715828e+00 8.014007751052236728e+00 6.491708257620917522e+00 2.496156600854267538e+01 9.705352134802881281e+00 2.242417115314473008e+01 2.052331076105644314e+01 1.609141549842728125e+01 1.366133842098812323e+01 1.713193674817096479e+01 1.147529810897686708e+01 2.726814710830297273e+01 2.598621608658271853e+01 4.467908103130659470e+01 2.717509357190594983e+02 1.272457763848234435e+02 2.633148006644909742e+02 2.056214718220772042e+01 1.482643550416405276e+02 1.382587899652298802e+02 1.591478120628758290e+02 2.069335786771197405e+01 4.145362374150000306e+01 1.035076128078303697e+02 5.259461179288659594e+01 1.502540882251887666e+01 1.259394869104632342e+01 2.291623445291972416e+01 1.236953951007531742e+02 4.746091166834967368e+01 1.293124863336659587e+02 2.520769670816361270e+02 3.070985170703065137e+01 1.004140983036171662e+02 5.165179968002789224e+01 9.243949829347654656e+01 1.730639691789748369e+01 2.382718248512858850e+02 5.910216472184782788e+01 1.051018709812239109e+02 9.588345326429147519e+01
4.810401935544621033e+00 1.365409911104893625e+00 2.978010730965379160e+00 -2.410139929007203488e-02 2.138212279916426706e+00 8.455902825568571757e+00 6.558044280357846922e+00 1.255976488582582462e+01 1.389327360563260072e+01 9.900077590616971790e+00 1.237089481853960748e+01 1.270158748412310068e+01 6.363901871463755633e+00 1.961201295941043909e+01 1.755987455648394757e+01 3.528331387719391898e+01 1.520930943643088824e+02 7.818225746330628567e+01 7.889600198243283558e+01 9.060122395883366764e+00 1.014317596278363993e+02 9.874119749854926908e+01 7.379472853142205224e+01 1.446302222797029557e+01 2.670865323459985063e+01 7.183388876904483311e+01 3.369053791533809772e+01 4.910449844992254675e+00 5.982785083433111772e+00 1.590979466663807607e+01 7.850732146976778836e+01 1.977379400663855336e+01 5.632656822790043805e+01 3.070985170703065137e+01 1.608374341719562892e+02 5.905114629179474406e+01 3.132868115851904278e+01 4.519296738658554347e+01 1.166162789392921617e+01 1.082664066071737352e+02 5.077203310490312305e+01 5.660492715450762802e+01 7.523946522455598540e+01
-8.713816702386031920e+01 -7.077646924231056857e+01 -8.956536069306289960e+01 -9.039745414620691122e+01 -5.731145123029897093e+01 -4.097390482124722411e+01 -3.883031898534690640e+01 -2.590345827479643148e+01 2.084388930507929061e+01 -4.125107284698459864e+01 -6.333262111951272288e+01 -6.909896666763864914e+01 -9.795406753402728484e+00 3.569490841247650792e+01 -1.549265699773868654e+01 2.680080275815408868e+02 6.683637181786574502e+02 4.907894564602802348e+02 8.097791540568050550e+01 -8.414329702330428518e+01 6.141822163978879416e+02 1.143751618314940970e+03 3.290632436834332566e+02 5.340595877866040553e+01 8.786160079360512043e+01 7.377174191777355645e+02 1.924740410699064341e+02 -7.106225007517907954e+01 -3.922384962100443317e+01 4.941633129522824674e+01 4.099755078127578827e+02 4.719518760005605174e+01 2.853226971025491707e+02 1.004140983036171662e+02 5.905114629179474406e+01 2.192397771453587211e+03 3.840381338363415011e+02 3.827882102447201760e+02 2.301637951472228494e+01 5.367942026463426828e+02 3.568538797053363396e+02 3.997421307775448440e+02 6.383150819960570743e+02
