9.554574689853845371e+01 3.374774272658765994e+01 3.828562829354410013e+01 3.361933521061641272e+01 3.808251191873925734e+01 1.978013755875291935e+01 2.370416685456838479e+01 3.583491461599226824e+01 3.523524511108106338e+01 3.686136526406873060e+01 1.943584129789223169e+01 3.526604179042337250e+01 -2.542343921183683264e+01 1.392383835778582934e+01 2.015128400041737322e+01 -4.051244869315915764e+01 -4.092086577012555892e+01 -5.231810486797125570e+00 1.805309056127239487e+01 4.439552193785659995e+01 2.577306060112012531e+01 3.453551157993013021e+01 3.377175486880689448e+01 2.859474806512961464e+01 2.245970800630439257e+01 4.299434083428574382e+01 7.735281566886976101e+00 2.658644372869634864e+01 9.941331661117932583e+01 5.831749427742417424e+01 1.251381472439418019e+02 5.038321014892249927e+00 1.641501287050739322e+01 1.764991112878234247e+01 2.134540880382806805e+01 1.696257000573629981e+01 -1.862915263263564825e+01 1.427747175187220563e+01 -1.103437207108012075e+01 -2.210070013202610539e+01 -2.966674950811764688e+01
3.374774272658765994e+01 1.133554599675162677e+02 3.527623084119819907e+01 3.040179685981479807e+01 3.298553875910299382e+01 1.328054901268486176e+01 2.548727037194105094e+01 3.202877220687840776e+01 3.527895230108416058e+01 3.877006794528460176e+01 2.062676840679952406e+01 3.089470076576829882e+01 -1.788771517709029979e+01 1.460148918591733036e+01 2.216186177916674893e+01 -5.710793678721096711e+01 -2.688998056332217246e+01 -1.125115944415933968e-02 8.523271926554264466e-01 4.444608360175405437e+01 2.115596129479306242e+01 3.021431962100972513e+01 3.515345606946591772e+01 2.873549374896569830e+01 1.866501217146589298e+01 4.343731913696359470e+01 8.353654630191821084e+00 2.803633103644018831e+01 8.164491787164743641e+01 4.826269648253372679e+01 1.243747353288306385e+02 4.089748647855015129e+00 1.773386948345589786e+01 1.892031666687174507e+01 1.630188739548088961e+01 1.761145722108055267e+01 -1.651286087715846307e+01 1.142646560679318135e+01 2.093095763361933481e-01 -2.576016455104784342e+01 -3.861179992105175529e+01
3.828562829354410013e+01 3.527623084119819907e+01 1.289802055620922943e+02 3.408708405932580376e+01 3.758061087814283496e+01 1.988865782064071297e+01 2.310293332985281367e+01 3.718757450304868684e+01 3.599739730825750428e+01 3.787739096454269827e+01 2.157429275111643818e+01 3.563773078696174679e+01 -2.800983169248798532e+01 1.086956492118375017e+01 1.898498886591346846e+01 -4.634799693733442894e+01 -4.350980144100790170e+01 -9.429586662339845660e+00 1.340657078023609827e+01 4.573060146580147034e+01 2.694072437496009442e+01 3.702988405343063505e+01 3.413945397802650916e+01 2.994697486257080854e+01 2.388155258191549279e+01 4.517875020243877771e+01 7.612441687637732990e+00 2.858260840595416497e+01 8.962609854779120155e+01 5.871675357201512213e+01 1.209425643367818424e+02 4.700764641617605655e+00 1.632638713878807479e+01 1.903533678755299263e+01 1.995022273189531603e+01 1.725133515045465771e+01 -2.172735334791024187e+01 1.460458196711050860e+01 -1.294877068444762891e+01 -2.492533622769576951e+01 -3.586455487971486633e+01
3.361933521061641272e+01 3.040179685981479807e+01 3.408708405932580376e+01 1.410556556188692809e+02 3.582053677170378592e+01 2.293848168876775517e+01 2.569781554793889100e+01 3.345565665075277195e+01 3.189445870778100200e+01 3.204194681271104628e+01 1.656630715082740224e+01 3.254646116031274516e+01 -6.593443458206381003e+00 1.892553928713191169e+01 2.919835135379359414e+01 -2.010483729949019693e+00 -2.559498892899852152e+01 1.040496514014821905e+01 3.329058630460317403e+01 3.755382518352541155e+01 2.513908758423120915e+01 3.133300213113934518e+01 3.314690081345477779e+01 2.624753666606122238e+01 2.306252858071305667e+01 3.504327508246633016e+01 1.338464230989777448e+01 2.341373913377750071e+01 1.229481762475953843e+02 5.184013745839140341e+01 1.243053677737172222e+02 1.306512039283487603e+01 1.844538374598036157e+01 1.798054738923143603e+01 2.735054450730657649e+01 1.923087734198606924e+01 -1.040288845317122318e-01 1.716260394696169911e+01 -1.583614115233901387e+00 -6.364784612761765992e+00 -6.151795562916910320e+00
3.808251191873925734e+01 3.298553875910299382e+01 3.758061087814283496e+01 3.582053677170378592e+01 1.390515507860934861e+02 2.809443847825862051e+01 2.730556116812610767e+01 3.503757692633888610e+01 3.616505332402838491e+01 3.547306268128509998e+01 1.893151226713476376e+01 3.996871168224211601e+01 -1.019286672057463328e+01 2.500280443211835646e+01 2.863375399642888652e+01 -3.331607477107739523e+00 -2.563738154201665864e+01 1.549704200635776807e+01 4.764346414315911460e+01 4.178653112815003112e+01 2.801329105169945421e+01 3.786485577957405013e+01 3.759072087990665523e+01 3.062202433539149027e+01 2.434356621907001283e+01 4.258778188258697384e+01 1.360423723426924880e+01 2.813561818559405836e+01 1.289294446284116304e+02 6.006402183084268387e+01 1.398058917574130646e+02 1.277305870574389779e+01 2.009272153002011763e+01 1.935526978431478895e+01 3.125335401826751180e+01 2.289785362388071377e+01 3.654374926404842849e+00 2.235313202249367492e+01 1.104597354601435377e+00 -3.192893704823503764e+00 -7.087260570115294200e+00
1.978013755875291935e+01 1.328054901268486176e+01 1.988865782064071297e+01 2.293848168876775517e+01 2.809443847825862051e+01 1.659251619646492486e+02 1.724265930865886176e+01 1.931621961417240030e+01 1.810766621932384979e+01 1.428174644794547277e+01 7.429481697262141360e+00 2.838798985799760644e+01 2.027124916234233964e+01 2.958380231412070671e+01 2.767065267701823217e+01 7.441633145007310191e+01 1.356266888752082167e+01 4.206528041599670331e+01 8.740163062795508608e+01 1.661429731537003818e+01 2.000055418465874268e+01 2.500120192752283543e+01 2.365054053600942296e+01 1.757090169255729251e+01 1.840810298164265646e+01 1.936207926043057981e+01 1.699936326243598828e+01 1.561778668686385707e+01 1.367494472924652484e+02 3.426004621532286620e+01 9.435140769203924549e+01 2.101683189978670185e+01 1.760573241949546031e+01 1.283147225378081124e+01 3.491846560074876038e+01 1.955089506829851231e+01 3.899292339158764520e+01 2.368890798126116692e+01 1.843925301020896157e+01 3.036723772311225744e+01 4.901837104770356035e+01
2.370416685456838479e+01 2.548727037194105094e+01 2.310293332985281367e+01 2.569781554793889100e+01 2.730556116812610767e+01 1.724265930865886176e+01 1.546603357134478074e+02 2.055390076516065889e+01 2.672714023212549961e+01 2.808170134153064623e+01 1.574546700509788266e+01 2.655056791059011800e+01 1.958023487274468266e+01 2.808116361672094285e+01 3.293655818445194683e+01 8.229900678542614756e+00 7.849985899315135462e+00 3.340772362578746169e+01 2.601342563315512280e+01 2.375580878561626719e+01 1.635450511901157000e+01 2.220326866213378736e+01 3.072153969852545785e+01 2.241599376214433192e+01 1.495766187315915019e+01 2.660158269783002183e+01 1.649891485459950857e+01 2.135160689736406781e+01 8.717175627605601562e+01 3.035923395721057716e+01 9.226396213888274644e+01 1.554892733453940679e+01 1.790943081855099095e+01 1.877269848353778769e+01 2.362004973783336226e+01 2.327148658137388892e+01 1.731135521029120383e+01 1.771552076632640649e+01 2.193331840077758343e+01 7.009069000947025785e+00 6.964177423553799429e+00
3.583491461599226824e+01 3.202877220687840776e+01 3.718757450304868684e+01 3.345565665075277195e+01 3.503757692633888610e+01 1.931621961417240030e+01 2.055390076516065889e+01 1.949680981621946216e+02 3.345309102734062634e+01 3.283678443260311752e+01 1.752946802373156743e+01 3.214758404037488759e+01 -3.601372093595647783e+01 5.800488824809636235e+00 1.528470172105748937e+01 -3.697451716039234526e+01 -5.041352326179948307e+01 -1.805792171514389466e+01 1.967183417119692024e+01 4.675399817122384860e+01 2.626580034967356525e+01 3.336936975677526362e+01 3.063197538114494733e+01 2.597995245857570978e+01 2.438254441637650416e+01 4.169372401178564758e+01 4.679173017825267067e+00 2.458869951620827266e+01 1.252478795375311904e+02 5.955848143954329998e+01 1.468764140973456165e+02 2.518429937740622737e+00 1.460343968627971201e+01 1.397666667919068750e+01 2.130406201165000013e+01 1.111920675881585652e+01 -2.253799441617023902e+01 8.188378348267841389e+00 -2.002764421259013261e+01 -2.825229044284265001e+01 -3.133311945671881560e+01
3.523524511108106338e+01 3.527895230108416058e+01 3.599739730825750428e+01 3.189445870778100200e+01 3.616505332402838491e+01 1.810766621932384979e+01 2.672714023212549961e+01 3.345309102734062634e+01 1.211834569386919611e+02 3.817685465324003502e+01 2.162830711725601773e+01 3.425091371982362176e+01 -1.473531445382659122e+01 2.022667945155656710e+01 2.575502539442461369e+01 -3.658908508167004925e+01 -2.396691528023004025e+01 6.649776309558169451e+00 2.544374507015153952e+01 4.875192446586184047e+01 2.306786990151152494e+01 3.324481190493797556e+01 3.876444456201390665e+01 3.048138526802125625e+01 2.152601558899833023e+01 4.509142638672721404e+01 1.045845805213540203e+01 2.923285808067582892e+01 1.270519582493784867e+02 5.332413083321918634e+01 1.569570940586363577e+02 6.981362736941538749e+00 2.045489698679578794e+01 2.001883240703267930e+01 2.313513250007577327e+01 1.959199796528157833e+01 -2.270787815205119298e+00 1.609887888140868384e+01 3.717486204147925744e+00 -1.847508256757943101e+01 -2.004316035817031505e+01
3.686136526406873060e+01 3.877006794528460176e+01 3.787739096454269827e+01 3.204194681271104628e+01 3.547306268128509998e+01 1.428174644794547277e+01 2.808170134153064623e+01 3.283678443260311752e+01 3.817685465324003502e+01 1.277927721989719458e+02 2.235725006544868876e+01 3.298594702518245469e+01 -1.521136079009418296e+01 2.049612475534293310e+01 2.621629678081444936e+01 -5.756646666847029792e+01 -2.602602904198150213e+01 8.851367408827430339e+00 9.172909887573535315e+00 4.813192408494497698e+01 2.167103740091039299e+01 3.208747851206148738e+01 3.885325275843528914e+01 3.115120129590381737e+01 1.957456340654963611e+01 4.782247445465684166e+01 9.590015917114502741e+00 3.008813087112629958e+01 9.692801751546161881e+01 5.135353213553062801e+01 1.400086954166831674e+02 5.707880403950786885e+00 2.050276537223675888e+01 2.137649304215435109e+01 1.913569055303385014e+01 2.125362985058364629e+01 -1.163024680282725498e+01 1.483276077560012496e+01 6.236945713681545378e+00 -2.413284439539830117e+01 -3.414899968096017346e+01
1.943584129789223169e+01 2.062676840679952406e+01 2.157429275111643818e+01 1.656630715082740224e+01 1.893151226713476376e+01 7.429481697262141360e+00 1.574546700509788266e+01 1.752946802373156743e+01 2.162830711725601773e+01 2.235725006544868876e+01 1.130295248991767778e+02 1.745969551770019379e+01 -7.564947533815321812e+00 1.214741400801143278e+01 1.352967943818673824e+01 -3.149123802015926543e+01 -1.239247181131049302e+01 1.367524451393428375e+00 3.218886709885890873e+00 2.938115715836843478e+01 1.216052414590939712e+01 1.762217947100224436e+01 2.390366257309418074e+01 1.691448757664254288e+01 1.110609780098395660e+01 2.736093240084606393e+01 5.591500593940304853e+00 1.827750526578748591e+01 6.537924789319929175e+01 2.770245627002459088e+01 9.286605971952796779e+01 2.717271065213355374e+00 1.288383972817512557e+01 1.290627281212444366e+01 1.127437796687149074e+01 1.159937631559491855e+01 -1.411422995491193433e+00 8.267811978997189115e+00 3.321706615958630149e+00 -1.498893502930062738e+01 -1.672842644974128135e+01
3.526604179042337250e+01 3.089470076576829882e+01 3.563773078696174679e+01 3.254646116031274516e+01 3.996871168224211601e+01 2.838798985799760644e+01 2.655056791059011800e+01 3.214758404037488759e+01 3.425091371982362176e+01 3.298594702518245469e+01 1.745969551770019379e+01 2.468350469189140313e+02 -1.762603772088032761e+00 2.739583967879111270e+01 2.971983459111709891e+01 5.293346091299944156e+00 -1.557221651820511532e+01 2.819009322553332808e+01 5.976679031881763393e+01 3.983702941816792276e+01 2.608625191501957374e+01 3.673621544307676601e+01 3.811115523763471913e+01 3.021301753112597765e+01 2.307444922419454514e+01 4.138563300102516962e+01 1.442906445312124575e+01 2.902170003462870085e+01 1.380915069471952279e+02 5.566003271473358893e+01 1.403687119702329937e+02 1.366428005330321049e+01 2.158423202894574899e+01 2.047861168852709213e+01 3.259174548665500026e+01 2.475802353805149991e+01 1.376618007624605866e+01 2.309922702408810125e+01 1.056813606319638055e+01 3.351069860427615676e+00 5.382321944230378463e+00
-2.542343921183683264e+01 -1.788771517709029979e+01 -2.800983169248798532e+01 -6.593443458206381003e+00 -1.019286672057463328e+01 2.027124916234233964e+01 1.958023487274468266e+01 -3.601372093595647783e+01 -1.473531445382659122e+01 -1.521136079009418296e+01 -7.564947533815321812e+00 -1.762603772088032761e+00 3.462652794681025625e+02 7.073674217736996184e+01 6.421838419585867541e+01 2.196836011964311695e+02 1.759303139273947920e+02 1.625662481361588902e+02 1.097879740317473534e+02 -5.199581895802631237e+01 -9.927192932906811151e+00 -1.750641665006915204e+01 1.257569587483814821e+01 -4.670116500387227809e+00 -8.518625230591867492e+00 -3.705909663492675321e+01 4.247717784046771783e+01 -3.863086438089158303e+00 8.682016463205354739e+01 -5.796677420557980298e+01 -2.508460121141204979e+01 5.367023212691370304e+01 2.192446805995478698e+01 1.624456546114414124e+01 4.044600270134143472e+01 4.478223470987052224e+01 1.619264981822116454e+02 4.123646869371373214e+01 1.212455013653380007e+02 1.277593858086925422e+02 1.654145847622379222e+02
1.392383835778582934e+01 1.460148918591733036e+01 1.086956492118375017e+01 1.892553928713191169e+01 2.500280443211835646e+01 2.958380231412070671e+01 2.808116361672094285e+01 5.800488824809636235e+00 2.022667945155656710e+01 2.049612475534293310e+01 1.214741400801143278e+01 2.739583967879111270e+01 7.073674217736996184e+01 5.602722020719619422e+02 5.115575412873359795e+01 9.766539657167749056e+01 8.346688298518242277e+01 1.094556654024867157e+02 1.202261377628134227e+02 1.693558197512846064e+01 1.348435829818025411e+01 1.909751179586010039e+01 3.826581494586466903e+01 2.274063885012335362e+01 1.179910661187092558e+01 2.293211745231057108e+01 2.923785221178508564e+01 1.999904386753543051e+01 1.886342501706217831e+02 1.451433630865154534e+01 1.521313241467154853e+02 3.282461979324876467e+01 2.959163390358750334e+01 2.093579917978671645e+01 4.543010960789520425e+01 3.699819478403172468e+01 9.455199332844800608e+01 3.493853175823963397e+01 7.711178539724747338e+01 5.711691212126339678e+01 8.243606937767749798e+01
2.015128400041737322e+01 2.216186177916674893e+01 1.898498886591346846e+01 2.919835135379359414e+01 2.863375399642888652e+01 2.767065267701823217e+01 3.293655818445194683e+01 1.528470172105748937e+01 2.575502539442461369e+01 2.621629678081444936e+01 1.352967943818673824e+01 2.971983459111709891e+01 6.421838419585867541e+01 5.115575412873359795e+01 1.788555166671754364e+02 8.961778114858441313e+01 5.214844446932330158e+01 8.466064510695211709e+01 8.439762626302905346e+01 1.992706354505802935e+01 1.728102399144560763e+01 2.092456526663021066e+01 4.083292575583512729e+01 2.402560270908615792e+01 1.670907776783016985e+01 2.213589689101430125e+01 3.057366895924360861e+01 2.235520205633922330e+01 1.948206448178673327e+02 2.583190499153824504e+01 1.551213706905014078e+02 3.419466870246861845e+01 2.891718984775896573e+01 2.356459888762373467e+01 4.463777197001645192e+01 3.802036545523109368e+01 7.654322043951411558e+01 3.255314565141175365e+01 5.929499328118014034e+01 4.435792364018867318e+01 6.613152368071732212e+01
-4.051244869315915764e+01 -5.710793678721096711e+01 -4.634799693733442894e+01 -2.010483729949019693e+00 -3.331607477107739523e+00 7.441633145007310191e+01 8.229900678542614756e+00 -3.697451716039234526e+01 -3.658908508167004925e+01 -5.756646666847029792e+01 -3.149123802015926543e+01 5.293346091299944156e+00 2.196836011964311695e+02 9.766539657167749056e+01 8.961778114858441313e+01 9.987292408491562128e+02 2.115713474417145221e+02 2.409016813526828855e+02 3.483900944016590984e+02 -6.765184480064370121e+01 1.616139437101683507e+00 -1.188985822786824542e+01 9.824955678503306089e+00 -1.663148383709182809e+01 7.289871037088673233e+00 -6.694354734654949368e+01 6.273385665583763426e+01 -1.928680761797555121e+01 4.909078066831701790e+02 -4.564996984828967186e+01 1.821800341337153384e+02 9.116936658803219018e+01 3.182986614004182258e+01 4.736854739561993100e+00 1.088091488517379304e+02 4.929241358537819195e+01 3.128464927840395262e+02 6.684563873314488092e+01 1.510994555417528602e+02 2.349715524518491350e+02 3.724766561006164238e+02
-4.092086577012555892e+01 -2.688998056332217246e+01 -4.350980144100790170e+01 -2.559498892899852152e+01 -2.563738154201665864e+01 1.356266888752082167e+01 7.849985899315135462e+00 -5.041352326179948307e+01 -2.396691528023004025e+01 -2.602602904198150213e+01 -1.239247181131049302e+01 -1.557221651820511532e+01 1.759303139273947920e+02 8.346688298518242277e+01 5.214844446932330158e+01 2.115713474417145221e+02 1.108173988005907859e+03 1.987039542091889075e+02 1.435441704143901234e+02 -5.521985131435260996e+01 -2.400470746557204649e+01 -3.345415265563295293e+01 8.668184279757285893e+00 -1.008203631902470576e+01 -2.200896814847530791e+01 -3.477511660403742866e+01 3.727071961906263198e+01 -8.378077378014358700e+00 5.487213180306568461e+01 -8.314861534586279390e+01 -5.210034340468672553e+01 4.707670671970596032e+01 2.501174498285443093e+01 6.002602782659839598e+00 3.030310355804061828e+01 3.207877481106117301e+01 1.718174713335081663e+02 3.337926119803672265e+01 1.498816337067601125e+02 1.231631175913037879e+02 1.807298942959820067e+02
-5.231810486797125570e+00 -1.125115944415933968e-02 -9.429586662339845660e+00 1.040496514014821905e+01 1.549704200635776807e+01 4.206528041599670331e+01 3.340772362578746169e+01 -1.805792171514389466e+01 6.649776309558169451e+00 8.851367408827430339e+00 1.367524451393428375e+00 2.819009322553332808e+01 1.625662481361588902e+02 1.094556654024867157e+02 8.466064510695211709e+01 2.409016813526828855e+02 1.987039542091889075e+02 1.056273910610419080e+03 2.390947382587202128e+02 -1.018980325877339510e+01 2.168076795771367138e+00 9.759411111696232766e+00 4.689129291566203506e+01 1.789373383722144695e+01 -1.215918293568456265e+00 9.780736122325421888e+00 5.070109820327922279e+01 1.839117583307738357e+01 3.235471562332659801e+02 -1.713697619528894833e+01 2.089425993832489610e+02 6.182296855530346846e+01 4.604614315415275883e+01 2.430602228574870338e+01 7.412436047455815924e+01 6.134621544726233822e+01 2.175262656266998249e+02 5.984312908494548111e+01 1.736777045306949958e+02 1.428077450712443124e+02 2.124806630329183577e+02
1.805309056127239487e+01 8.523271926554264466e-01 1.340657078023609827e+01 3.329058630460317403e+01 4.764346414315911460e+01 8.740163062795508608e+01 2.601342563315512280e+01 1.967183417119692024e+01 2.544374507015153952e+01 9.172909887573535315e+00 3.218886709885890873e+00 5.976679031881763393e+01 1.097879740317473534e+02 1.202261377628134227e+02 8.439762626302905346e+01 3.483900944016590984e+02 1.435441704143901234e+02 2.390947382587202128e+02 1.236523234966534574e+03 6.448982117458389496e+01 3.374046352494925571e+01 4.198528678239861023e+01 7.680614725906050921e+01 4.023784685896108471e+01 3.096304944704546358e+01 5.008791153613484681e+01 5.287445414632633600e+01 3.010537411059663171e+01 8.157682773670109100e+02 5.931883248274779419e+01 6.332912582993433261e+02 6.784450432156455690e+01 6.311828142349801851e+01 2.208136525152886520e+01 1.317128770282589016e+02 5.520011016886150657e+01 3.009386641847818851e+02 7.262103465886485765e+01 1.623097622252930705e+02 1.536039736916407321e+02 2.894979937115487587e+02
4.439552193785659995e+01 4.444608360175405437e+01 4.573060146580147034e+01 3.755382518352541155e+01 4.178653112815003112e+01 1.661429731537003818e+01 2.375580878561626719e+01 4.675399817122384860e+01 4.875192446586184047e+01 4.813192408494497698e+01 2.938115715836843478e+01 3.983702941816792276e+01 -5.199581895802631237e+01 1.693558197512846064e+01 1.992706354505802935e+01 -6.765184480064370121e+01 -5.521985131435260996e+01 -1.018980325877339510e+01 6.448982117458389496e+01 2.799649154897137464e+02 2.804004197153417977e+01 4.162042682681479988e+01 5.430214363671571931e+01 3.916276813597807660e+01 2.801956913096204005e+01 7.069588426192409258e+01 4.245661525923115853e+00 3.712150095896924284e+01 3.149569125040690665e+02 8.014380958011190614e+01 3.655500722576319390e+02 -1.445945601783749757e+00 2.719501316354394760e+01 1.962079015432050966e+01 3.251298967422006569e+01 1.426446934406798306e+01 1.058933320350788954e+01 5.940935026893900961e+00 -2.811330193015573187e+00 -4.762884243718379196e+01 -2.713082746657387645e+01
2.577306060112012531e+01 2.115596129479306242e+01 2.694072437496009442e+01 2.513908758423120915e+01 2.801329105169945421e+01 2.000055418465874268e+01 1.635450511901157000e+01 2.626580034967356525e+01 2.306786990151152494e+01 2.167103740091039299e+01 1.216052414590939712e+01 2.608625191501957374e+01 -9.927192932906811151e+00 1.348435829818025411e+01 1.728102399144560763e+01 1.616139437101683507e+00 -2.400470746557204649e+01 2.168076795771367138e+00 3.374046352494925571e+01 2.804004197153417977e+01 8.826475384892329146e+01 2.553664702482792848e+01 2.395115388662384603e+01 2.065821865594922713e+01 1.887787875338990773e+01 2.689928200105978462e+01 8.827739358595993124e+00 1.834491814220127281e+01 9.636572983158610839e+01 4.087599376038330945e+01 9.610318506259901028e+01 8.957297371749271875e+00 1.247237861697242955e+01 1.250585637534157435e+01 2.204318845701554608e+01 1.342198738355925869e+01 1.365308312833099835e+00 1.429658397362105404e+01 -5.049557613467928974e+00 -3.278708456895926382e+00 -3.725017240115638728e+00
3.453551157993013021e+01 3.021431962100972513e+01 3.702988405343063505e+01 3.133300213113934518e+01 3.786485577957405013e+01 2.500120192752283543e+01 2.220326866213378736e+01 3.336936975677526362e+01 3.324481190493797556e+01 3.208747851206148738e+01 1.762217947100224436e+01 3.673621544307676601e+01 -1.750641665006915204e+01 1.909751179586010039e+01 2.092456526663021066e+01 -1.188985822786824542e+01 -3.345415265563295293e+01 9.759411111696232766e+00 4.198528678239861023e+01 4.162042682681479988e+01 2.553664702482792848e+01 1.421744214752862661e+02 3.475195772191258925e+01 2.769345100233952195e+01 2.280820461406202426e+01 4.143717251109936939e+01 1.016655993158247284e+01 2.653740897102168361e+01 1.286563048547546941e+02 5.683669827298128752e+01 1.435440201561161757e+02 8.263959244382283131e+00 1.801810240395046847e+01 1.729106072384081116e+01 2.778395159019537886e+01 1.884862262101633945e+01 1.162960828114159684e+00 1.787322268903092848e+01 -4.031410730361145944e+00 -8.505063051531502438e+00 -1.197163009697664826e+01
3.377175486880689448e+01 3.515345606946591772e+01 3.413945397802650916e+01 3.314690081345477779e+01 3.759072087990665523e+01 2.365054053600942296e+01 3.072153969852545785e+01 3.063197538114494733e+01 3.876444456201390665e+01 3.885325275843528914e+01 2.390366257309418074e+01 3.811115523763471913e+01 1.257569587483814821e+01 3.826581494586466903e+01 4.083292575583512729e+01 9.824955678503306089e+00 8.668184279757285893e+00 4.689129291566203506e+01 7.680614725906050921e+01 5.430214363671571931e+01 2.395115388662384603e+01 3.475195772191258925e+01 1.449728430520494271e+02 3.319682037609873504e+01 2.175995961911765164e+01 5.036586906771914585e+01 1.872477027954790429e+01 3.291891623082128149e+01 2.453021489252889467e+02 5.200162629318737828e+01 2.541140516432138270e+02 1.764968389918865910e+01 3.040860543488389212e+01 2.453491850619339942e+01 4.001126510584767715e+01 2.993970792070075859e+01 4.873253894530405006e+01 2.551254600531293093e+01 3.551154084026280344e+01 3.592529244543446243e+00 2.205521068047764999e+01
2.859474806512961464e+01 2.873549374896569830e+01 2.994697486257080854e+01 2.624753666606122238e+01 3.062202433539149027e+01 1.757090169255729251e+01 2.241599376214433192e+01 2.597995245857570978e+01 3.048138526802125625e+01 3.115120129590381737e+01 1.691448757664254288e+01 3.021301753112597765e+01 -4.670116500387227809e+00 2.274063885012335362e+01 2.402560270908615792e+01 -1.663148383709182809e+01 -1.008203631902470576e+01 1.789373383722144695e+01 4.023784685896108471e+01 3.916276813597807660e+01 2.065821865594922713e+01 2.769345100233952195e+01 3.319682037609873504e+01 1.508049823066427564e+02 1.829856223371762880e+01 3.739399455659295768e+01 1.101221632471619571e+01 2.444783867792683552e+01 1.135581612454032552e+02 4.299109121074405948e+01 1.338476490431183947e+02 8.878922598279785916e+00 1.871307488305090772e+01 1.758901860811565854e+01 2.390035593759289512e+01 1.888547003823523340e+01 7.630710519341770137e+00 1.698973778659171785e+01 1.120501743962176810e+01 -7.075851903843068058e+00 -7.881897608120498333e+00
2.245970800630439257e+01 1.866501217146589298e+01 2.388155258191549279e+01 2.306252858071305667e+01 2.434356621907001283e+01 1.840810298164265646e+01 1.495766187315915019e+01 2.438254441637650416e+01 2.152601558899833023e+01 1.957456340654963611e+01 1.110609780098395660e+01 2.307444922419454514e+01 -8.518625230591867492e+00 1.179910661187092558e+01 1.670907776783016985e+01 7.289871037088673233e+00 -2.200896814847530791e+01 -1.215918293568456265e+00 3.096304944704546358e+01 2.801956913096204005e+01 1.887787875338990773e+01 2.280820461406202426e+01 2.175995961911765164e+01 1.829856223371762880e+01 8.548717334315661276e+01 2.292307666488568785e+01 9.035012220514646586e+00 1.573500660691092179e+01 1.021765247156442058e+02 3.760208995782497254e+01 9.569077243966982849e+01 9.106359274245257041e+00 1.202738345598673497e+01 1.103986886121967892e+01 2.093755966077275588e+01 1.168357891379901936e+01 2.255110394441666610e+00 1.156919012692246973e+01 -7.155091827407433769e+00 -4.529611781946676352e+00 -8.502706237200604589e-01
4.299434083428574382e+01 4.343731913696359470e+01 4.517875020243877771e+01 3.504327508246633016e+01 4.258778188258697384e+01 1.936207926043057981e+01 2.660158269783002183e+01 4.169372401178564758e+01 4.509142638672721404e+01 4.782247445465684166e+01 2.736093240084606393e+01 4.138563300102516962e+01 -3.705909663492675321e+01 2.293211745231057108e+01 2.213589689101430125e+01 -6.694354734654949368e+01 -3.477511660403742866e+01 9.780736122325421888e+00 5.008791153613484681e+01 7.069588426192409258e+01 2.689928200105978462e+01 4.143717251109936939e+01 5.036586906771914585e+01 3.739399455659295768e+01 2.292307666488568785e+01 2.005787202620356027e+02 7.004023876916400937e+00 3.683534877627779736e+01 2.002302815144778378e+02 6.966690088535870018e+01 2.538204800676937225e+02 4.986486855366230597e-01 2.555140453931410605e+01 2.156009453249395591e+01 2.794541324324778486e+01 1.847537963135475891e+01 1.534002979432380620e-01 1.527099092510109735e+01 5.609591612535012928e+00 -3.325156885651379213e+01 -3.286063705989616324e+01
7.735281566886976101e+00 8.353654630191821084e+00 7.612441687637732990e+00 1.338464230989777448e+01 1.360423723426924880e+01 1.699936326243598828e+01 1.649891485459950857e+01 4.679173017825267067e+00 1.045845805213540203e+01 9.590015917114502741e+00 5.591500593940304853e+00 1.442906445312124575e+01 4.247717784046771783e+01 2.923785221178508564e+01 3.057366895924360861e+01 6.273385665583763426e+01 3.727071961906263198e+01 5.070109820327922279e+01 5.287445414632633600e+01 4.245661525923115853e+00 8.827739358595993124e+00 1.016655993158247284e+01 1.872477027954790429e+01 1.101221632471619571e+01 9.035012220514646586e+00 7.004023876916400937e+00 8.661140386815503689e+01 1.025003882883422968e+01 9.123780981981346372e+01 7.403838511984591086e+00 6.063585120700151521e+01 2.146795632298838541e+01 1.475253148858238994e+01 1.174086138718238281e+01 2.559639868249279360e+01 2.129936181287364150e+01 4.901587363133210573e+01 2.041435504121053768e+01 3.422815851619247951e+01 3.287828828983591478e+01 4.651159291883499236e+01
2.658644372869634864e+01 2.803633103644018831e+01 2.858260840595416497e+01 2.341373913377750071e+01 2.813561818559405836e+01 1.561778668686385707e+01 2.135160689736406781e+01 2.458869951620827266e+01 2.923285808067582892e+01 3.008813087112629958e+01 1.827750526578748591e+01 2.902170003462870085e+01 -3.863086438089158303e+00 1.999904386753543051e+01 2.235520205633922330e+01 -1.928680761797555121e+01 -8.378077378014358700e+00 1.839117583307738357e+01 3.010537411059663171e+01 3.712150095896924284e+01 1.834491814220127281e+01 2.653740897102168361e+01 3.291891623082128149e+01 2.444783867792683552e+01 1.573500660691092179e+01 3.683534877627779736e+01 1.025003882883422968e+01 1.107863943908511146e+02 1.069236661112442874e+02 3.852512112276004785e+01 1.262457584817429534e+02 8.136544195834934712e+00 1.892648301072356531e+01 1.754896659277987681e+01 2.119888666028733581e+01 1.924115863253094716e+01 9.597917201794494702e+00 1.587848665915701574e+01 1.170287783212485522e+01 -8.278734682286629010e+00 -7.613563552457738304e+00
9.941331661117932583e+01 8.164491787164743641e+01 8.962609854779120155e+01 1.229481762475953843e+02 1.289294446284116304e+02 1.367494472924652484e+02 8.717175627605601562e+01 1.252478795375311904e+02 1.270519582493784867e+02 9.692801751546161881e+01 6.537924789319929175e+01 1.380915069471952279e+02 8.682016463205354739e+01 1.886342501706217831e+02 1.948206448178673327e+02 4.909078066831701790e+02 5.487213180306568461e+01 3.235471562332659801e+02 8.157682773670109100e+02 3.149569125040690665e+02 9.636572983158610839e+01 1.286563048547546941e+02 2.453021489252889467e+02 1.135581612454032552e+02 1.021765247156442058e+02 2.002302815144778378e+02 9.123780981981346372e+01 1.069236661112442874e+02 3.435013670278143309e+03 2.475732381594426670e+02 2.199259793816248475e+03 1.091512687588014785e+02 1.547639093704900972e+02 6.962480978906702944e+01 2.853511162724341261e+02 1.112516107758172978e+02 5.829041410422191802e+02 1.010382695181348822e+02 2.410765371342959895e+02 1.253441780506396555e+02 4.548292489716261571e+02
5.831749427742417424e+01 4.826269648253372679e+01 5.871675357201512213e+01 5.184013745839140341e+01 6.006402183084268387e+01 3.426004621532286620e+01 3.035923395721057716e+01 5.955848143954329998e+01 5.332413083321918634e+01 5.135353213553062801e+01 2.770245627002459088e+01 5.566003271473358893e+01 -5.796677420557980298e+01 1.451433630865154534e+01 2.583190499153824504e+01 -4.564996984828967186e+01 -8.314861534586279390e+01 -1.713697619528894833e+01 5.931883248274779419e+01 8.014380958011190614e+01 4.087599376038330945e+01 5.683669827298128752e+01 5.200162629318737828e+01 4.299109121074405948e+01 3.760208995782497254e+01 6.966690088535870018e+01 7.403838511984591086e+00 3.852512112276004785e+01 2.475732381594426670e+02 2.104582504166581600e+02 2.788733362864904279e+02 3.510791324936037849e+00 2.397498799789803314e+01 2.185136132722346858e+01 3.951746952836673188e+01 2.017150072400278660e+01 -1.892093124837197848e+01 1.827297346651617005e+01 -2.545903682006124669e+01 -3.611678833206401862e+01 -3.834633281900364921e+01
1.251381472439418019e+02 1.243747353288306385e+02 1.209425643367818424e+02 1.243053677737172222e+02 1.398058917574130646e+02 9.435140769203924549e+01 9.226396213888274644e+01 1.468764140973456165e+02 1.569570940586363577e+02 1.400086954166831674e+02 9.286605971952796779e+01 1.403687119702329937e+02 -2.508460121141204979e+01 1.521313241467154853e+02 1.551213706905014078e+02 1.821800341337153384e+02 -5.210034340468672553e+01 2.089425993832489610e+02 6.332912582993433261e+02 3.655500722576319390e+02 9.610318506259901028e+01 1.435440201561161757e+02 2.541140516432138270e+02 1.338476490431183947e+02 9.569077243966982849e+01 2.538204800676937225e+02 6.063585120700151521e+01 1.262457584817429534e+02 2.199259793816248475e+03 2.788733362864904279e+02 3.240824310692944891e+03 5.616399838450137594e+01 1.479043245275045138e+02 7.444078249161002248e+01 2.321812915328788165e+02 9.422016947206519433e+01 4.340439060221485192e+02 7.231236592956189213e+01 1.763376309091154042e+02 -1.755536740514668681e+00 2.496405857475101016e+02
5.038321014892249927e+00 4.089748647855015129e+00 4.700764641617605655e+00 1.306512039283487603e+01 1.277305870574389779e+01 2.101683189978670185e+01 1.554892733453940679e+01 2.518429937740622737e+00 6.981362736941538749e+00 5.707880403950786885e+00 2.717271065213355374e+00 1.366428005330321049e+01 5.367023212691370304e+01 3.282461979324876467e+01 3.419466870246861845e+01 9.116936658803219018e+01 4.707670671970596032e+01 6.182296855530346846e+01 6.784450432156455690e+01 -1.445945601783749757e+00 8.957297371749271875e+00 8.263959244382283131e+00 1.764968389918865910e+01 8.878922598279785916e+00 9.106359274245257041e+00 4.986486855366230597e-01 2.146795632298838541e+01 8.136544195834934712e+00 1.091512687588014785e+02 3.510791324936037849e+00 5.616399838450137594e+01 8.928133045995339501e+01 1.594172904511071209e+01 1.154471132670445321e+01 2.994685222938016267e+01 2.238022856511859615e+01 6.301616464400954953e+01 2.209409005516529234e+01 3.921573041918488656e+01 4.512739246654573577e+01 6.367353495355978055e+01
1.641501287050739322e+01 1.773386948345589786e+01 1.632638713878807479e+01 1.844538374598036157e+01 2.009272153002011763e+01 1.760573241949546031e+01 1.790943081855099095e+01 1.460343968627971201e+01 2.045489698679578794e+01 2.050276537223675888e+01 1.288383972817512557e+01 2.158423202894574899e+01 2.192446805995478698e+01 2.959163390358750334e+01 2.891718984775896573e+01 3.182986614004182258e+01 2.501174498285443093e+01 4.604614315415275883e+01 6.311828142349801851e+01 2.719501316354394760e+01 1.247237861697242955e+01 1.801810240395046847e+01 3.040860543488389212e+01 1.871307488305090772e+01 1.202738345598673497e+01 2.555140453931410605e+01 1.475253148858238994e+01 1.892648301072356531e+01 1.547639093704900972e+02 2.397498799789803314e+01 1.479043245275045138e+02 1.594172904511071209e+01 1.125960613814344811e+02 1.494009018982247028e+01 2.670918567926792164e+01 2.039980420800099381e+01 4.616228719331295594e+01 1.772684779096243446e+01 3.357278230078888726e+01 1.628065045310748715e+01 3.068440014091525825e+01
1.764991112878234247e+01 1.892031666687174507e+01 1.903533678755299263e+01 1.798054738923143603e+01 1.935526978431478895e+01 1.283147225378081124e+01 1.877269848353778769e+01 1.397666667919068750e+01 2.001883240703267930e+01 2.137649304215435109e+01 1.290627281212444366e+01 2.047861168852709213e+01 1.624456546114414124e+01 2.093579917978671645e+01 2.356459888762373467e+01 4.736854739561993100e+00 6.002602782659839598e+00 2.430602228574870338e+01 2.208136525152886520e+01 1.962079015432050966e+01 1.250585637534157435e+01 1.729106072384081116e+01 2.453491850619339942e+01 1.758901860811565854e+01 1.103986886121967892e+01 2.156009453249395591e+01 1.174086138718238281e+01 1.754896659277987681e+01 6.962480978906702944e+01 2.185136132722346858e+01 7.444078249161002248e+01 1.154471132670445321e+01 1.494009018982247028e+01 1.065690951427904736e+02 1.783518052448426872e+01 1.882165993441550711e+01 1.850834378924531975e+01 1.537734137933193601e+01 1.601356437779243791e+01 5.905155940626746869e+00 6.032125463839586921e+00
2.134540880382806805e+01 1.630188739548088961e+01 1.995022273189531603e+01 2.735054450730657649e+01 3.125335401826751180e+01 3.491846560074876038e+01 2.362004973783336226e+01 2.130406201165000013e+01 2.313513250007577327e+01 1.913569055303385014e+01 1.127437796687149074e+01 3.259174548665500026e+01 4.044600270134143472e+01 4.543010960789520425e+01 4.463777197001645192e+01 1.088091488517379304e+02 3.030310355804061828e+01 7.412436047455815924e+01 1.317128770282589016e+02 3.251298967422006569e+01 2.204318845701554608e+01 2.778395159019537886e+01 4.001126510584767715e+01 2.390035593759289512e+01 2.093755966077275588e+01 2.794541324324778486e+01 2.559639868249279360e+01 2.119888666028733581e+01 2.853511162724341261e+02 3.951746952836673188e+01 2.321812915328788165e+02 2.994685222938016267e+01 2.670918567926792164e+01 1.783518052448426872e+01 2.084837722893860530e+02 3.064838714163364131e+01 8.932657518973445576e+01 3.078595391961018990e+01 4.660483276495213545e+01 4.450212269408107346e+01 7.953045211028374695e+01
1.696257000573629981e+01 1.761145722108055267e+01 1.725133515045465771e+01 1.923087734198606924e+01 2.289785362388071377e+01 1.955089506829851231e+01 2.327148658137388892e+01 1.111920675881585652e+01 1.959199796528157833e+01 2.125362985058364629e+01 1.159937631559491855e+01 2.475802353805149991e+01 4.478223470987052224e+01 3.699819478403172468e+01 3.802036545523109368e+01 4.929241358537819195e+01 3.207877481106117301e+01 6.134621544726233822e+01 5.520011016886150657e+01 1.426446934406798306e+01 1.342198738355925869e+01 1.884862262101633945e+01 2.993970792070075859e+01 1.888547003823523340e+01 1.168357891379901936e+01 1.847537963135475891e+01 2.129936181287364150e+01 1.924115863253094716e+01 1.112516107758172978e+02 2.017150072400278660e+01 9.422016947206519433e+01 2.238022856511859615e+01 2.039980420800099381e+01 1.882165993441550711e+01 3.064838714163364131e+01 1.461316179225870542e+02 5.136523671627180221e+01 2.692007533886432213e+01 4.223139753083528802e+01 3.114637100429674987e+01 3.977080040909599745e+01
-1.862915263263564825e+01 -1.651286087715846307e+01 -2.172735334791024187e+01 -1.040288845317122318e-01 3.654374926404842849e+00 3.899292339158764520e+01 1.731135521029120383e+01 -2.253799441617023902e+01 -2.270787815205119298e+00 -1.163024680282725498e+01 -1.411422995491193433e+00 1.376618007624605866e+01 1.619264981822116454e+02 9.455199332844800608e+01 7.654322043951411558e+01 3.128464927840395262e+02 1.718174713335081663e+02 2.175262656266998249e+02 3.009386641847818851e+02 1.058933320350788954e+01 1.365308312833099835e+00 1.162960828114159684e+00 4.873253894530405006e+01 7.630710519341770137e+00 2.255110394441666610e+00 1.534002979432380620e-01 4.901587363133210573e+01 9.597917201794494702e+00 5.829041410422191802e+02 -1.892093124837197848e+01 4.340439060221485192e+02 6.301616464400954953e+01 4.616228719331295594e+01 1.850834378924531975e+01 8.932657518973445576e+01 5.136523671627180221e+01 5.793415774130940008e+02 5.579660819880907496e+01 1.664000945820165782e+02 1.526063935691481674e+02 2.613639492211111133e+02
1.427747175187220563e+01 1.142646560679318135e+01 1.460458196711050860e+01 1.716260394696169911e+01 2.235313202249367492e+01 2.368890798126116692e+01 1.771552076632640649e+01 8.188378348267841389e+00 1.609887888140868384e+01 1.483276077560012496e+01 8.267811978997189115e+00 2.309922702408810125e+01 4.123646869371373214e+01 3.493853175823963397e+01 3.255314565141175365e+01 6.684563873314488092e+01 3.337926119803672265e+01 5.984312908494548111e+01 7.262103465886485765e+01 5.940935026893900961e+00 1.429658397362105404e+01 1.787322268903092848e+01 2.551254600531293093e+01 1.698973778659171785e+01 1.156919012692246973e+01 1.527099092510109735e+01 2.041435504121053768e+01 1.587848665915701574e+01 1.010382695181348822e+02 1.827297346651617005e+01 7.231236592956189213e+01 2.209409005516529234e+01 1.772684779096243446e+01 1.537734137933193601e+01 3.078595391961018990e+01 2.692007533886432213e+01 5.579660819880907496e+01 1.739970589835073156e+02 3.945005495774845627e+01 3.925644499925021336e+01 5.093501287009758727e+01
